79.5	3.2502
101.5	3.2454
123.5	3.2258
150.5	3.2111
172.5	3.2014
194.5	3.1867
216.5	3.1720
238.5	3.1623
263.5	3.1476
285.5	3.1378
307.5	3.1232
329.5	3.1134
351.5	3.1036
373.5	3.0890
395.5	3.0792
417.5	3.0645
439.5	3.0547
461.5	3.0450
483.5	3.0303
505.5	3.0156
527.5	3.0059
549.5	2.9912
571.5	2.9863
594.5	2.9717
616.5	2.9619
638.5	2.9472
665.5	2.9326
687.5	2.9228
709.5	2.9081
731.5	2.8983
753.5	2.8886
775.5	2.8739
797.5	2.8592
819.5	2.8495
841.5	2.8446
863.5	2.8299
885.5	2.8201
907.5	2.8104
929.5	2.7957
951.5	2.7810
973.5	2.7761
995.5	2.7664
1017.5	2.7517
1039.5	2.7370
1061.5	2.7322
1083.5	2.7175
1105.5	2.7028
1127.5	2.6931
1149.5	2.6784
1176.5	2.6735
1198.5	2.6540
1220.5	2.6491
1242.5	2.6393
1264.5	2.6246
1287.5	2.6197
1309.5	2.6051
1331.5	2.5953
1353.5	2.5806
1375.5	2.5758
1397.5	2.5611
1419.5	2.5464
1441.5	2.5367
1463.5	2.5318
1485.5	2.5171
1507.5	2.5073
1529.5	2.4976
1551.5	2.4878
1573.5	2.4780
1595.5	2.4633
1618.5	2.4585
1640.5	2.4438
1662.5	2.4291
1689.5	2.4242
1711.5	2.4096
1733.5	2.4047
1755.5	2.3900
1777.5	2.3803
1799.5	2.3705
1821.5	2.3607
1843.5	2.3460
1865.5	2.3412
1887.5	2.3265
1909.5	2.3216
1931.5	2.3069
1953.5	2.3021
1975.5	2.2874
1997.5	2.2776
2019.5	2.2630
2041.5	2.2581
2063.5	2.2483
2085.5	2.2385
2107.5	2.2239
2129.5	2.2190
2151.5	2.2043
2173.5	2.1945
2200.5	2.1896
2222.5	2.1750
2244.5	2.1652
2266.5	2.1554
2288.5	2.1505
2311.5	2.1359
2333.5	2.1261
2355.5	2.1163
2377.5	2.1065
2399.5	2.0919
2421.5	2.0870
2443.5	2.0723
2465.5	2.0674
2487.5	2.0577
2509.5	2.0479
2531.5	2.0381
2553.5	2.0283
2575.5	2.0186
2597.5	2.0088
2619.5	1.9990
2642.5	1.9941
2664.5	1.9795
2686.5	1.9697
2713.5	1.9599
2735.5	1.9501
2757.5	1.9404
2779.5	1.9306
2801.5	1.9208
2823.5	1.9110
2845.5	1.9062
2867.5	1.8915
2889.5	1.8817
2911.5	1.8768
2933.5	1.8671
2955.5	1.8573
2977.5	1.8426
2999.5	1.8377
3021.5	1.8280
3043.5	1.8182
3065.5	1.8084
3087.5	1.7986
3109.5	1.7937
3131.5	1.7840
3153.5	1.7742
3175.5	1.7595
3197.5	1.7546
3224.5	1.7400
3246.5	1.7351
3268.5	1.7253
3290.5	1.7204
3312.5	1.7107
3335.5	1.7009
3357.5	1.6862
3379.5	1.6813
3401.5	1.6716
3423.5	1.6618
3445.5	1.6569
3467.5	1.6422
3489.5	1.6373
3511.5	1.6325
3533.5	1.6227
3555.5	1.6080
3577.5	1.5982
3599.5	1.5934
3621.5	1.5836
3643.5	1.5787
3666.5	1.5689
3688.5	1.5591
3710.5	1.5494
3737.5	1.5445
3759.5	1.5298
3781.5	1.5249
3803.5	1.5152
3825.5	1.5054
3847.5	1.5005
3869.5	1.4907
3891.5	1.4858
3913.5	1.4761
3935.5	1.4663
3957.5	1.4614
3979.5	1.4418
4001.5	1.4418
4023.5	1.4370
4045.5	1.4223
4067.5	1.4174
4089.5	1.4027
4111.5	1.4027
4133.5	1.3930
4155.5	1.3881
4177.5	1.3734
4199.5	1.3685
4221.5	1.3587
4248.5	1.3490
4270.5	1.3441
4292.5	1.3343
4314.5	1.3245
4336.5	1.3245
4359.5	1.3148
4381.5	1.3050
4403.5	1.2952
4425.5	1.2854
4447.5	1.2854
4469.5	1.2757
4491.5	1.2659
4513.5	1.2610
4535.5	1.2463
4557.5	1.2463
4579.5	1.2366
4601.5	1.2317
4623.5	1.2268
4645.5	1.2121
4667.5	1.2121
4690.5	1.2023
4712.5	1.1926
4734.5	1.1877
4761.5	1.1779
4783.5	1.1730
4805.5	1.1681
4827.5	1.1584
4849.5	1.1486
4871.5	1.1388
4893.5	1.1290
4915.5	1.1290
4937.5	1.1241
4959.5	1.1144
4981.5	1.1095
5003.5	1.0997
5025.5	1.0948
5047.5	1.0899
5069.5	1.0850
5091.5	1.0753
5113.5	1.0704
5135.5	1.0606
5157.5	1.0557
5179.5	1.0508
5201.5	1.0459
5223.5	1.0362
5245.5	1.0264
5272.5	1.0215
5294.5	1.0117
5316.5	1.0117
5338.5	1.0068
5360.5	0.9971
5383.5	0.9922
5405.5	0.9824
5427.5	0.9726
5449.5	0.9726
5471.5	0.9677
5493.5	0.9580
5515.5	0.9531
5537.5	0.9531
5559.5	0.9433
5581.5	0.9384
5603.5	0.9286
5625.5	0.9238
5647.5	0.9189
5669.5	0.9140
5691.5	0.9042
5714.5	0.8993
5736.5	0.8993
5758.5	0.8895
5785.5	0.8798
5807.5	0.8749
5829.5	0.8749
5851.5	0.8651
5873.5	0.8602
5895.5	0.8553
5917.5	0.8504
5939.5	0.8456
5961.5	0.8407
5983.5	0.8358
6005.5	0.8260
6027.5	0.8162
6049.5	0.8162
6071.5	0.8113
6093.5	0.8065
6115.5	0.8016
6137.5	0.7967
6159.5	0.7918
6181.5	0.7869
6203.5	0.7771
6225.5	0.7771
6247.5	0.7722
6269.5	0.7625
6296.5	0.7625
6318.5	0.7576
6340.5	0.7478
6362.5	0.7429
6384.5	0.7429
6407.5	0.7380
6429.5	0.7283
6451.5	0.7234
6473.5	0.7185
6495.5	0.7185
6517.5	0.7087
6539.5	0.7038
6561.5	0.6989
6583.5	0.6989
6605.5	0.6940
6627.5	0.6843
6649.5	0.6843
6671.5	0.6794
6693.5	0.6696
6715.5	0.6647
6738.5	0.6598
6760.5	0.6598
6782.5	0.6549
6809.5	0.6500
6831.5	0.6452
6853.5	0.6403
6875.5	0.6403
6897.5	0.6305
6919.5	0.6256
6941.5	0.6207
6963.5	0.6207
6985.5	0.6158
7007.5	0.6158
7029.5	0.6061
7051.5	0.6061
7073.5	0.5963
7095.5	0.5914
7117.5	0.5914
7139.5	0.5865
7161.5	0.5865
7183.5	0.5816
7205.5	0.5767
7227.5	0.5718
7249.5	0.5621
7271.5	0.5621
7293.5	0.5572
7320.5	0.5523
7342.5	0.5474
7364.5	0.5474
7386.5	0.5425
7408.5	0.5376
7431.5	0.5376
7453.5	0.5327
7475.5	0.5279
7497.5	0.5230
7519.5	0.5230
7541.5	0.5132
7563.5	0.5132
7585.5	0.5083
7607.5	0.5034
7629.5	0.5034
7651.5	0.4985
7673.5	0.4985
7695.5	0.4888
7717.5	0.4888
7739.5	0.4839
7762.5	0.4839
7784.5	0.4790
7806.5	0.4741
7833.5	0.4692
7855.5	0.4692
7877.5	0.4643
7899.5	0.4594
7921.5	0.4594
7943.5	0.4545
7965.5	0.4497
7987.5	0.4497
8009.5	0.4448
8031.5	0.4448
8053.5	0.4350
8075.5	0.4350
8097.5	0.4301
8119.5	0.4301
8141.5	0.4301
8163.5	0.4252
8185.5	0.4252
8207.5	0.4203
8229.5	0.4154
8251.5	0.4106
8273.5	0.4057
8295.5	0.4057
8317.5	0.4008
8344.5	0.4008
8366.5	0.3959
8388.5	0.3910
8410.5	0.3910
8432.5	0.3861
8455.5	0.3861
8477.5	0.3861
8499.5	0.3812
8521.5	0.3763
8543.5	0.3763
8565.5	0.3715
8587.5	0.3715
8609.5	0.3715
8631.5	0.3666
8653.5	0.3617
8675.5	0.3568
8697.5	0.3568
8719.5	0.3470
8741.5	0.3470
8763.5	0.3470
8786.5	0.3470
8808.5	0.3470
8830.5	0.3421
8857.5	0.3421
8879.5	0.3372
8901.5	0.3324
8923.5	0.3275
8945.5	0.3275
8967.5	0.3275
8989.5	0.3226
9011.5	0.3226
9033.5	0.3177
9055.5	0.3177
9077.5	0.3079
9099.5	0.3079
9121.5	0.3079
9143.5	0.3079
9165.5	0.3079
9187.5	0.3030
9209.5	0.3030
9231.5	0.2981
9253.5	0.2981
9275.5	0.2933
9297.5	0.2933
9319.5	0.2933
9341.5	0.2884
9368.5	0.2884
9390.5	0.2835
9412.5	0.2786
9434.5	0.2786
9456.5	0.2737
9479.5	0.2737
9501.5	0.2737
9523.5	0.2737
9545.5	0.2688
9567.5	0.2688
9589.5	0.2639
9611.5	0.2639
9633.5	0.2639
9655.5	0.2590
9677.5	0.2542
9699.5	0.2542
9721.5	0.2493
9743.5	0.2493
9765.5	0.2493
9787.5	0.2493
9810.5	0.2444
9832.5	0.2444
9854.5	0.2395
9881.5	0.2395
9903.5	0.2395
9925.5	0.2346
9947.5	0.2346
9969.5	0.2346
9991.5	0.2297
10013.5	0.2297
10035.5	0.2297
10057.5	0.2297
10079.5	0.2248
10101.5	0.2248
10123.5	0.2199
10145.5	0.2199
10167.5	0.2151
10189.5	0.2151
10211.5	0.2151
10233.5	0.2151
10255.5	0.2151
10277.5	0.2102
10299.5	0.2102
10321.5	0.2053
10343.5	0.2053
10365.5	0.2004
10392.5	0.2004
10414.5	0.2004
10436.5	0.2004
10458.5	0.1955
10480.5	0.1906
10503.5	0.1906
10525.5	0.1906
10547.5	0.1906
10569.5	0.1906
10591.5	0.1906
10613.5	0.1906
10635.5	0.1857
10657.5	0.1857
10679.5	0.1857
10701.5	0.1808
10723.5	0.1808
10745.5	0.1760
10767.5	0.1760
10789.5	0.1760
10811.5	0.1711
10834.5	0.1711
10856.5	0.1711
10878.5	0.1711
10905.5	0.1711
10927.5	0.1711
10949.5	0.1662
10971.5	0.1613
10993.5	0.1613
11015.5	0.1613
11037.5	0.1613
11059.5	0.1613
11081.5	0.1613
11103.5	0.1564
11125.5	0.1515
