79.5	3.2502
101.5	3.2454
123.5	3.2258
150.5	3.2111
172.5	3.2014
194.5	3.1916
216.5	3.1818
238.5	3.1623
263.5	3.1574
285.5	3.1427
307.5	3.1232
329.5	3.1183
351.5	3.1085
373.5	3.0938
395.5	3.0890
417.5	3.0694
439.5	3.0596
461.5	3.0499
483.5	3.0401
505.5	3.0254
527.5	3.0108
549.5	3.0010
571.5	2.9863
594.5	2.9765
616.5	2.9668
638.5	2.9521
665.5	2.9374
687.5	2.9326
709.5	2.9228
731.5	2.9081
753.5	2.8983
775.5	2.8837
797.5	2.8739
819.5	2.8592
841.5	2.8495
863.5	2.8446
885.5	2.8299
907.5	2.8104
929.5	2.8104
951.5	2.7957
973.5	2.7810
995.5	2.7761
1017.5	2.7664
1039.5	2.7517
1061.5	2.7419
1083.5	2.7322
1105.5	2.7175
1127.5	2.7126
1149.5	2.6931
1176.5	2.6882
1198.5	2.6735
1220.5	2.6637
1242.5	2.6540
1264.5	2.6393
1287.5	2.6344
1309.5	2.6197
1331.5	2.6100
1353.5	2.5953
1375.5	2.5855
1397.5	2.5758
1419.5	2.5709
1441.5	2.5611
1463.5	2.5464
1485.5	2.5367
1507.5	2.5269
1529.5	2.5171
1551.5	2.5024
1573.5	2.4976
1595.5	2.4829
1618.5	2.4731
1640.5	2.4633
1662.5	2.4536
1689.5	2.4389
1711.5	2.4291
1733.5	2.4242
1755.5	2.4096
1777.5	2.4047
1799.5	2.3900
1821.5	2.3803
1843.5	2.3656
1865.5	2.3607
1887.5	2.3509
1909.5	2.3412
1931.5	2.3314
1953.5	2.3216
1975.5	2.3069
1997.5	2.3021
2019.5	2.2874
2041.5	2.2825
2063.5	2.2727
2085.5	2.2630
2107.5	2.2483
2129.5	2.2434
2151.5	2.2239
2173.5	2.2190
2200.5	2.2092
2222.5	2.1994
2244.5	2.1896
2266.5	2.1799
2288.5	2.1701
2311.5	2.1603
2333.5	2.1505
2355.5	2.1408
2377.5	2.1310
2399.5	2.1212
2421.5	2.1114
2443.5	2.1065
2465.5	2.0919
2487.5	2.0821
2509.5	2.0674
2531.5	2.0626
2553.5	2.0528
2575.5	2.0479
2597.5	2.0332
2619.5	2.0283
2642.5	2.0137
2664.5	2.0088
2686.5	1.9941
2713.5	1.9892
2735.5	1.9746
2757.5	1.9697
2779.5	1.9599
2801.5	1.9501
2823.5	1.9404
2845.5	1.9306
2867.5	1.9208
2889.5	1.9110
2911.5	1.9062
2933.5	1.8915
2955.5	1.8817
2977.5	1.8768
2999.5	1.8671
3021.5	1.8573
3043.5	1.8475
3065.5	1.8426
3087.5	1.8328
3109.5	1.8231
3131.5	1.8133
3153.5	1.8035
3175.5	1.7986
3197.5	1.7840
3224.5	1.7791
3246.5	1.7644
3268.5	1.7546
3290.5	1.7498
3312.5	1.7400
3335.5	1.7302
3357.5	1.7204
3379.5	1.7155
3401.5	1.7058
3423.5	1.7009
3445.5	1.6862
3467.5	1.6813
3489.5	1.6716
3511.5	1.6618
3533.5	1.6569
3555.5	1.6471
3577.5	1.6373
3599.5	1.6276
3621.5	1.6227
3643.5	1.6080
3666.5	1.5982
3688.5	1.5982
3710.5	1.5836
3737.5	1.5787
3759.5	1.5689
3781.5	1.5591
3803.5	1.5543
3825.5	1.5445
3847.5	1.5347
3869.5	1.5249
3891.5	1.5200
3913.5	1.5152
3935.5	1.5005
3957.5	1.4907
3979.5	1.4858
4001.5	1.4809
4023.5	1.4712
4045.5	1.4663
4067.5	1.4516
4089.5	1.4418
4111.5	1.4418
4133.5	1.4321
4155.5	1.4223
4177.5	1.4174
4199.5	1.4076
4221.5	1.4027
4248.5	1.3930
4270.5	1.3881
4292.5	1.3734
4314.5	1.3685
4336.5	1.3636
4359.5	1.3539
4381.5	1.3441
4403.5	1.3392
4425.5	1.3294
4447.5	1.3245
4469.5	1.3148
4491.5	1.3099
4513.5	1.3050
4535.5	1.2952
4557.5	1.2854
4579.5	1.2805
4601.5	1.2708
4623.5	1.2659
4645.5	1.2561
4667.5	1.2463
4690.5	1.2463
4712.5	1.2414
4734.5	1.2317
4761.5	1.2219
4783.5	1.2121
4805.5	1.2072
4827.5	1.2023
4849.5	1.1926
4871.5	1.1877
4893.5	1.1779
4915.5	1.1730
4937.5	1.1681
4959.5	1.1632
4981.5	1.1535
5003.5	1.1486
5025.5	1.1388
5047.5	1.1290
5069.5	1.1290
5091.5	1.1241
5113.5	1.1144
5135.5	1.1095
5157.5	1.0997
5179.5	1.0948
5201.5	1.0899
5223.5	1.0850
5245.5	1.0753
5272.5	1.0704
5294.5	1.0606
5316.5	1.0557
5338.5	1.0557
5360.5	1.0459
5383.5	1.0362
5405.5	1.0313
5427.5	1.0264
5449.5	1.0215
5471.5	1.0117
5493.5	1.0117
5515.5	1.0020
5537.5	0.9971
5559.5	0.9922
5581.5	0.9824
5603.5	0.9726
5625.5	0.9726
5647.5	0.9677
5669.5	0.9580
5691.5	0.9531
5714.5	0.9531
5736.5	0.9433
5758.5	0.9384
5785.5	0.9335
5807.5	0.9238
5829.5	0.9189
5851.5	0.9189
5873.5	0.9091
5895.5	0.9042
5917.5	0.8993
5939.5	0.8944
5961.5	0.8895
5983.5	0.8798
6005.5	0.8749
6027.5	0.8700
6049.5	0.8651
6071.5	0.8602
6093.5	0.8602
6115.5	0.8504
6137.5	0.8456
6159.5	0.8407
6181.5	0.8358
6203.5	0.8309
6225.5	0.8211
6247.5	0.8162
6269.5	0.8162
6296.5	0.8113
6318.5	0.8016
6340.5	0.7967
6362.5	0.7967
6384.5	0.7869
6407.5	0.7820
6429.5	0.7771
6451.5	0.7771
6473.5	0.7722
6495.5	0.7674
6517.5	0.7625
6539.5	0.7576
6561.5	0.7478
6583.5	0.7429
6605.5	0.7429
6627.5	0.7380
6649.5	0.7331
6671.5	0.7283
6693.5	0.7234
6715.5	0.7185
6738.5	0.7185
6760.5	0.7087
6782.5	0.7038
6809.5	0.6989
6831.5	0.6989
6853.5	0.6891
6875.5	0.6843
6897.5	0.6843
6919.5	0.6794
6941.5	0.6696
6963.5	0.6696
6985.5	0.6598
7007.5	0.6598
7029.5	0.6598
7051.5	0.6549
7073.5	0.6452
7095.5	0.6452
7117.5	0.6403
7139.5	0.6403
7161.5	0.6305
7183.5	0.6305
7205.5	0.6207
7227.5	0.6207
7249.5	0.6158
7271.5	0.6158
7293.5	0.6061
7320.5	0.6061
7342.5	0.6012
7364.5	0.5963
7386.5	0.5914
7408.5	0.5865
7431.5	0.5865
7453.5	0.5816
7475.5	0.5767
7497.5	0.5767
7519.5	0.5670
7541.5	0.5621
7563.5	0.5621
7585.5	0.5572
7607.5	0.5572
7629.5	0.5523
7651.5	0.5474
7673.5	0.5425
7695.5	0.5425
7717.5	0.5376
7739.5	0.5327
7762.5	0.5327
7784.5	0.5279
7806.5	0.5279
7833.5	0.5230
7855.5	0.5132
7877.5	0.5083
7899.5	0.5034
7921.5	0.5034
7943.5	0.5034
7965.5	0.5034
7987.5	0.4985
8009.5	0.4936
8031.5	0.4888
8053.5	0.4839
8075.5	0.4839
8097.5	0.4790
8119.5	0.4741
8141.5	0.4741
8163.5	0.4741
8185.5	0.4692
8207.5	0.4643
8229.5	0.4594
8251.5	0.4594
8273.5	0.4594
8295.5	0.4545
8317.5	0.4497
8344.5	0.4497
8366.5	0.4448
8388.5	0.4399
8410.5	0.4350
8432.5	0.4301
8455.5	0.4301
8477.5	0.4301
8499.5	0.4301
8521.5	0.4252
8543.5	0.4203
8565.5	0.4203
8587.5	0.4154
8609.5	0.4106
8631.5	0.4106
8653.5	0.4057
8675.5	0.4057
8697.5	0.4008
8719.5	0.3959
8741.5	0.3959
8763.5	0.3910
8786.5	0.3910
8808.5	0.3861
8830.5	0.3861
8857.5	0.3812
8879.5	0.3812
8901.5	0.3763
8923.5	0.3715
8945.5	0.3715
8967.5	0.3715
8989.5	0.3715
9011.5	0.3666
9033.5	0.3666
9055.5	0.3568
9077.5	0.3568
9099.5	0.3568
9121.5	0.3470
9143.5	0.3470
9165.5	0.3470
9187.5	0.3470
9209.5	0.3470
9231.5	0.3421
9253.5	0.3372
9275.5	0.3372
9297.5	0.3324
9319.5	0.3324
9341.5	0.3275
9368.5	0.3275
9390.5	0.3275
9412.5	0.3226
9434.5	0.3177
9456.5	0.3177
9479.5	0.3128
9501.5	0.3079
9523.5	0.3079
9545.5	0.3079
9567.5	0.3079
9589.5	0.3079
9611.5	0.3030
9633.5	0.3030
9655.5	0.3030
9677.5	0.2981
9699.5	0.2933
9721.5	0.2933
9743.5	0.2933
9765.5	0.2933
9787.5	0.2884
9810.5	0.2884
9832.5	0.2835
9854.5	0.2835
9881.5	0.2786
9903.5	0.2786
9925.5	0.2737
9947.5	0.2737
9969.5	0.2737
9991.5	0.2737
10013.5	0.2688
10035.5	0.2688
10057.5	0.2639
10079.5	0.2639
10101.5	0.2590
10123.5	0.2590
10145.5	0.2590
10167.5	0.2542
10189.5	0.2542
10211.5	0.2493
10233.5	0.2493
10255.5	0.2493
10277.5	0.2444
10299.5	0.2444
10321.5	0.2444
10343.5	0.2395
10365.5	0.2395
10392.5	0.2395
10414.5	0.2395
10436.5	0.2346
10458.5	0.2346
10480.5	0.2297
10503.5	0.2297
10525.5	0.2297
10547.5	0.2248
10569.5	0.2248
10591.5	0.2248
10613.5	0.2199
10635.5	0.2199
10657.5	0.2199
10679.5	0.2151
10701.5	0.2151
10723.5	0.2151
10745.5	0.2151
10767.5	0.2151
10789.5	0.2102
10811.5	0.2102
10834.5	0.2102
10856.5	0.2053
10878.5	0.2053
10905.5	0.2004
10927.5	0.2004
10949.5	0.1955
10971.5	0.1955
10993.5	0.1906
11015.5	0.1906
11037.5	0.1906
11059.5	0.1906
11081.5	0.1906
11103.5	0.1906
11125.5	0.1906
