Program: 1 camread
Address: WL 0   BL 0
Data Pattern: 001
Read/write time: 100 ms
Form/precharge time: 100 ms
Number of read/write pulses: 1

79.0	1.4809
101.0	1.4809
123.0	1.4761
150.0	1.4761
172.0	1.4761
194.0	1.4712
216.0	1.4663
238.0	1.4663
263.5	1.4663
285.0	1.4663
307.0	1.4663
329.0	1.4663
351.0	1.4663
373.0	1.4663
395.0	1.4663
417.0	1.4663
439.0	1.4663
461.0	1.4614
483.0	1.4614
505.0	1.4614
527.0	1.4614
549.0	1.4614
571.0	1.4614
593.0	1.4516
615.0	1.4516
637.0	1.4516
664.0	1.4516
686.0	1.4516
708.0	1.4467
730.0	1.4418
752.0	1.4418
775.5	1.4418
797.0	1.4418
819.0	1.4418
841.0	1.4418
863.0	1.4418
885.0	1.4418
907.0	1.4418
929.0	1.4370
951.0	1.4370
973.0	1.4321
995.0	1.4321
1017.0	1.4272
1039.0	1.4272
1061.0	1.4223
1083.0	1.4223
1105.0	1.4223
1127.0	1.4223
1149.0	1.4174
1176.0	1.4125
1198.0	1.4125
1220.0	1.4125
1242.0	1.4076
1264.0	1.4027
1287.5	1.4027
1309.0	1.4027
1331.0	1.4027
1353.0	1.4027
1375.0	1.3978
1397.0	1.3978
1419.0	1.3978
1441.0	1.3930
1463.0	1.3881
1485.0	1.3881
1507.0	1.3881
1529.0	1.3832
1551.0	1.3832
1573.0	1.3783
1595.0	1.3783
1617.0	1.3734
1639.0	1.3685
1661.0	1.3685
1688.0	1.3685
1710.0	1.3685
1732.0	1.3685
1754.0	1.3636
1776.0	1.3636
1799.5	1.3587
1821.0	1.3539
1843.0	1.3490
1865.0	1.3490
1887.0	1.3441
1909.0	1.3441
1931.0	1.3441
1953.0	1.3392
1975.0	1.3343
1997.0	1.3343
2019.0	1.3294
2041.0	1.3294
2063.0	1.3245
2085.0	1.3245
2107.0	1.3245
2129.0	1.3196
2151.0	1.3196
2173.0	1.3148
2200.0	1.3099
2222.0	1.3099
2244.0	1.3099
2266.0	1.3050
2288.0	1.3050
2311.5	1.2952
2333.0	1.2952
2355.0	1.2952
2377.0	1.2854
2399.0	1.2854
2421.0	1.2854
2443.0	1.2854
2465.0	1.2854
2487.0	1.2805
2509.0	1.2757
2531.0	1.2708
2553.0	1.2708
2575.0	1.2659
2597.0	1.2659
2619.0	1.2659
2641.0	1.2610
2663.0	1.2561
2685.0	1.2561
2712.0	1.2463
2734.0	1.2463
2756.0	1.2463
2778.0	1.2463
2800.0	1.2414
2823.5	1.2414
2845.0	1.2366
2867.0	1.2317
2889.0	1.2317
2911.0	1.2317
2933.0	1.2317
2955.0	1.2268
2977.0	1.2170
2999.0	1.2170
3021.0	1.2170
3043.0	1.2121
3065.0	1.2121
3087.0	1.2121
3109.0	1.2072
3131.0	1.2023
3153.0	1.2023
3175.0	1.1975
3197.0	1.1926
3224.0	1.1926
3246.0	1.1877
3268.0	1.1877
3290.0	1.1828
3312.0	1.1828
3335.5	1.1779
3357.0	1.1779
3379.0	1.1779
3401.0	1.1730
3423.0	1.1681
3445.0	1.1681
3467.0	1.1632
3489.0	1.1632
3511.0	1.1584
3533.0	1.1535
3555.0	1.1535
3577.0	1.1535
3599.0	1.1486
3621.0	1.1486
3643.0	1.1437
3665.0	1.1388
3687.0	1.1388
3709.0	1.1290
3736.0	1.1290
3758.0	1.1290
3780.0	1.1290
3802.0	1.1290
3824.0	1.1290
3847.5	1.1241
3869.0	1.1241
3891.0	1.1193
3913.0	1.1144
3935.0	1.1095
3957.0	1.1095
3979.0	1.1095
4001.0	1.1095
4023.0	1.1046
4045.0	1.0997
4067.0	1.0997
4089.0	1.0997
4111.0	1.0948
4133.0	1.0948
4155.0	1.0948
4177.0	1.0899
4199.0	1.0899
4221.0	1.0850
4248.0	1.0850
4270.0	1.0802
4292.0	1.0753
4314.0	1.0753
4336.0	1.0753
4359.5	1.0704
4381.0	1.0704
4403.0	1.0655
4425.0	1.0606
4447.0	1.0606
4469.0	1.0557
4491.0	1.0557
4513.0	1.0557
4535.0	1.0557
4557.0	1.0557
4579.0	1.0508
4601.0	1.0508
4623.0	1.0459
4645.0	1.0459
4667.0	1.0362
4689.0	1.0362
4711.0	1.0313
4733.0	1.0313
4760.0	1.0313
4782.0	1.0313
4804.0	1.0264
4826.0	1.0215
4848.0	1.0215
4871.5	1.0215
4893.0	1.0166
4915.0	1.0117
4937.0	1.0117
4959.0	1.0117
4981.0	1.0117
5003.0	1.0068
5025.0	1.0068
5047.0	1.0068
5069.0	1.0020
5091.0	0.9971
5113.0	0.9971
5135.0	0.9971
5157.0	0.9922
5179.0	0.9922
5201.0	0.9922
5223.0	0.9824
5245.0	0.9824
5272.0	0.9726
5294.0	0.9726
5316.0	0.9726
5338.0	0.9726
5360.0	0.9726
5383.5	0.9726
5405.0	0.9677
5427.0	0.9677
5449.0	0.9629
5471.0	0.9580
5493.0	0.9531
5515.0	0.9580
5537.0	0.9531
5559.0	0.9531
5581.0	0.9482
5603.0	0.9482
5625.0	0.9433
5647.0	0.9433
5669.0	0.9433
5691.0	0.9384
5713.0	0.9384
5735.0	0.9384
5757.0	0.9335
5784.0	0.9286
5806.0	0.9286
5828.0	0.9286
5850.0	0.9238
5872.0	0.9189
5895.5	0.9189
5917.0	0.9189
5939.0	0.9189
5961.0	0.9189
5983.0	0.9140
6005.0	0.9091
6027.0	0.9042
6049.0	0.9042
6071.0	0.9042
6093.0	0.8993
6115.0	0.8993
6137.0	0.8993
6159.0	0.8993
6181.0	0.8944
6203.0	0.8944
6225.0	0.8895
6247.0	0.8944
6269.0	0.8895
6296.0	0.8895
6318.0	0.8798
6340.0	0.8798
6362.0	0.8749
6384.0	0.8749
6407.5	0.8749
6429.0	0.8749
6451.0	0.8700
6473.0	0.8700
6495.0	0.8700
6517.0	0.8651
6539.0	0.8651
6561.0	0.8651
6583.0	0.8602
6605.0	0.8602
6627.0	0.8602
6649.0	0.8602
6671.0	0.8602
6693.0	0.8553
6715.0	0.8553
6737.0	0.8504
6759.0	0.8504
6781.0	0.8504
6808.0	0.8504
6830.0	0.8456
6852.0	0.8456
6874.0	0.8407
6896.0	0.8407
6919.5	0.8407
6941.0	0.8407
6963.0	0.8358
6985.0	0.8358
7007.0	0.8358
7029.0	0.8260
7051.0	0.8260
7073.0	0.8260
7095.0	0.8260
7117.0	0.8260
7139.0	0.8211
7161.0	0.8162
7183.0	0.8162
7205.0	0.8162
7227.0	0.8162
7249.0	0.8162
7271.0	0.8162
7293.0	0.8162
7320.0	0.8113
7342.0	0.8113
7364.0	0.8113
7386.0	0.8065
7408.0	0.8065
7431.5	0.8016
7453.0	0.8016
7475.0	0.7967
7497.0	0.7967
7519.0	0.7967
7541.0	0.7967
7563.0	0.7967
7585.0	0.7967
7607.0	0.7918
7629.0	0.7869
7651.0	0.7869
7673.0	0.7869
7695.0	0.7869
7717.0	0.7869
7739.0	0.7820
7761.0	0.7771
7783.0	0.7771
7805.0	0.7771
7832.0	0.7771
7854.0	0.7771
7876.0	0.7771
7898.0	0.7771
7920.0	0.7722
7943.5	0.7722
7965.0	0.7722
7987.0	0.7722
8009.0	0.7674
8031.0	0.7674
8053.0	0.7625
8075.0	0.7625
8097.0	0.7625
8119.0	0.7625
8141.0	0.7625
8163.0	0.7576
8185.0	0.7576
8207.0	0.7527
8229.0	0.7527
8251.0	0.7478
8273.0	0.7478
8295.0	0.7478
8317.0	0.7478
8344.0	0.7429
8366.0	0.7429
8388.0	0.7429
8410.0	0.7429
8432.0	0.7429
8455.5	0.7380
8477.0	0.7380
8499.0	0.7380
8521.0	0.7380
8543.0	0.7331
8565.0	0.7331
8587.0	0.7331
8609.0	0.7283
8631.0	0.7234
8653.0	0.7234
8675.0	0.7234
8697.0	0.7234
8719.0	0.7234
8741.0	0.7185
8763.0	0.7185
8785.0	0.7185
8807.0	0.7185
8829.0	0.7136
8856.0	0.7136
8878.0	0.7136
8900.0	0.7087
8922.0	0.7087
8944.0	0.7087
8967.5	0.7087
8989.0	0.6989
9011.0	0.7038
9033.0	0.6989
9055.0	0.6989
9077.0	0.6989
9099.0	0.6989
9121.0	0.6989
9143.0	0.6989
9165.0	0.6989
9187.0	0.6940
9209.0	0.6940
9231.0	0.6940
9253.0	0.6891
9275.0	0.6891
9297.0	0.6891
9319.0	0.6891
9341.0	0.6843
9368.0	0.6843
9390.0	0.6843
9412.0	0.6843
9434.0	0.6843
9456.0	0.6794
9479.5	0.6794
9501.0	0.6745
9523.0	0.6745
9545.0	0.6696
9567.0	0.6696
9589.0	0.6696
9611.0	0.6696
9633.0	0.6647
9655.0	0.6647
9677.0	0.6598
9699.0	0.6598
9721.0	0.6598
9743.0	0.6598
9765.0	0.6598
9787.0	0.6598
9809.0	0.6598
9831.0	0.6598
9853.0	0.6598
9880.0	0.6598
9902.0	0.6598
9924.0	0.6549
9946.0	0.6549
9968.0	0.6549
9991.5	0.6500
10013.0	0.6500
10035.0	0.6500
10057.0	0.6500
10079.0	0.6452
10101.0	0.6403
10123.0	0.6452
10145.0	0.6403
10167.0	0.6403
10189.0	0.6403
10211.0	0.6403
10233.0	0.6403
10255.0	0.6403
10277.0	0.6403
10299.0	0.6354
10321.0	0.6354
10343.0	0.6354
10365.0	0.6354
10392.0	0.6305
10414.0	0.6305
10436.0	0.6305
10458.0	0.6305
10480.0	0.6256
10503.5	0.6256
10525.0	0.6207
10547.0	0.6207
10569.0	0.6207
10591.0	0.6207
10613.0	0.6207
10635.0	0.6207
10657.0	0.6207
10679.0	0.6207
10701.0	0.6207
10723.0	0.6158
10745.0	0.6207
10767.0	0.6158
10789.0	0.6158
10811.0	0.6158
10833.0	0.6158
10855.0	0.6109
10877.0	0.6109
10904.0	0.6109
10926.0	0.6109
10948.0	0.6061
10970.0	0.6061
10992.0	0.6061
11015.5	0.6061
11037.0	0.6061
11059.0	0.6061
11081.0	0.6012
11103.0	0.6012
11125.0	0.6012
