Program: 1 camread
Address: WL 0   BL 0
Data Pattern: 011
Read/write time: 100 ms
Form/precharge time: 100 ms
Number of read/write pulses: 1

79.5	1.5396
101.5	1.5445
123.5	1.5543
150.5	1.5591
172.5	1.5591
194.5	1.5738
216.5	1.5787
238.5	1.5885
263.5	1.5982
285.5	1.5982
307.5	1.6080
329.5	1.6178
351.5	1.6227
373.5	1.6276
395.5	1.6373
417.5	1.6373
439.5	1.6471
461.5	1.6520
483.5	1.6569
505.5	1.6618
527.5	1.6716
549.5	1.6813
571.5	1.6813
593.5	1.6862
615.5	1.6960
637.5	1.7009
664.5	1.7107
686.5	1.7155
708.5	1.7204
730.5	1.7204
752.5	1.7253
775.5	1.7351
797.5	1.7351
819.5	1.7498
841.5	1.7546
863.5	1.7546
885.5	1.7546
907.5	1.7644
929.5	1.7742
951.5	1.7791
973.5	1.7791
995.5	1.7889
1017.5	1.7889
1039.5	1.7986
1061.5	1.7986
1083.5	1.8035
1105.5	1.8133
1127.5	1.8133
1149.5	1.8182
1176.5	1.8231
1198.5	1.8280
1220.5	1.8377
1242.5	1.8377
1264.5	1.8426
1287.5	1.8426
1309.5	1.8524
1331.5	1.8573
1353.5	1.8573
1375.5	1.8622
1397.5	1.8671
1419.5	1.8768
1441.5	1.8768
1463.5	1.8768
1485.5	1.8817
1507.5	1.8866
1529.5	1.8915
1551.5	1.8915
1573.5	1.8964
1595.5	1.8964
1617.5	1.9062
1639.5	1.9110
1661.5	1.9110
1688.5	1.9110
1710.5	1.9159
1732.5	1.9208
1754.5	1.9208
1776.5	1.9306
1799.5	1.9355
1821.5	1.9355
1843.5	1.9404
1865.5	1.9453
1887.5	1.9453
1909.5	1.9501
1931.5	1.9501
1953.5	1.9501
1975.5	1.9550
1997.5	1.9599
2019.5	1.9599
2041.5	1.9648
2063.5	1.9697
2085.5	1.9697
2107.5	1.9746
2129.5	1.9795
2151.5	1.9844
2173.5	1.9844
2200.5	1.9892
2222.5	1.9941
2244.5	1.9941
2266.5	1.9941
2288.5	1.9990
2311.5	1.9990
2333.5	1.9990
2355.5	2.0039
2377.5	2.0088
2399.5	2.0137
2421.5	2.0137
2443.5	2.0137
2465.5	2.0137
2487.5	2.0186
2509.5	2.0235
2531.5	2.0235
2553.5	2.0283
2575.5	2.0283
2597.5	2.0283
2619.5	2.0283
2641.5	2.0283
2663.5	2.0381
2685.5	2.0381
2712.5	2.0430
2734.5	2.0430
2756.5	2.0479
2778.5	2.0479
2800.5	2.0479
2823.5	2.0479
2845.5	2.0528
2867.5	2.0528
2889.5	2.0528
2911.5	2.0577
2933.5	2.0626
2955.5	2.0626
2977.5	2.0626
2999.5	2.0674
3021.5	2.0674
3043.5	2.0674
3065.5	2.0674
3087.5	2.0674
3109.5	2.0674
3131.5	2.0674
3153.5	2.0674
3175.5	2.0674
3197.5	2.0674
3224.5	2.0723
3246.5	2.0772
3268.5	2.0772
3290.5	2.0772
3312.5	2.0772
3335.5	2.0772
3357.5	2.0772
3379.5	2.0821
3401.5	2.0870
3423.5	2.0870
3445.5	2.0870
3467.5	2.0870
3489.5	2.0870
3511.5	2.0919
3533.5	2.0919
3555.5	2.0919
3577.5	2.0919
3599.5	2.0919
3621.5	2.0919
3643.5	2.0919
3665.5	2.0919
3687.5	2.0919
3709.5	2.0968
3736.5	2.0968
3758.5	2.0968
3780.5	2.0968
3802.5	2.0968
3824.5	2.1017
3847.5	2.1017
3869.5	2.1017
3891.5	2.1017
3913.5	2.1017
3935.5	2.1017
3957.5	2.1017
3979.5	2.1017
4001.5	2.1017
4023.5	2.1065
4045.5	2.1065
4067.5	2.1065
4089.5	2.1065
4111.5	2.1065
4133.5	2.1065
4155.5	2.1065
4177.5	2.1065
4199.5	2.1065
4221.5	2.1114
4248.5	2.1114
4270.5	2.1114
4292.5	2.1114
4314.5	2.1114
4336.5	2.1114
4359.5	2.1114
4381.5	2.1114
4403.5	2.1114
4425.5	2.1114
4447.5	2.1114
4469.5	2.1114
4491.5	2.1114
4513.5	2.1114
4535.5	2.1114
4557.5	2.1114
4579.5	2.1114
4601.5	2.1114
4623.5	2.1114
4645.5	2.1114
4667.5	2.1114
4689.5	2.1114
4711.5	2.1163
4733.5	2.1163
4760.5	2.1163
4782.5	2.1163
4804.5	2.1163
4826.5	2.1163
4848.5	2.1163
4871.5	2.1163
4893.5	2.1163
4915.5	2.1163
4937.5	2.1163
4959.5	2.1163
4981.5	2.1163
5003.5	2.1163
5025.5	2.1163
5047.5	2.1163
5069.5	2.1163
5091.5	2.1163
5113.5	2.1163
5135.5	2.1163
5157.5	2.1163
5179.5	2.1163
5201.5	2.1163
5223.5	2.1163
5245.5	2.1163
5272.5	2.1163
5294.5	2.1163
5316.5	2.1163
5338.5	2.1163
5360.5	2.1163
5383.5	2.1163
5405.5	2.1163
5427.5	2.1163
5449.5	2.1163
5471.5	2.1163
5493.5	2.1163
5515.5	2.1114
5537.5	2.1114
5559.5	2.1114
5581.5	2.1114
5603.5	2.1114
5625.5	2.1114
5647.5	2.1114
5669.5	2.1114
5691.5	2.1114
5713.5	2.1114
5735.5	2.1114
5757.5	2.1163
5784.5	2.1114
5806.5	2.1114
5828.5	2.1114
5850.5	2.1114
5872.5	2.1114
5895.5	2.1114
5917.5	2.1114
5939.5	2.1114
5961.5	2.1114
5983.5	2.1114
6005.5	2.1114
6027.5	2.1114
6049.5	2.1114
6071.5	2.1114
6093.5	2.1114
6115.5	2.1114
6137.5	2.1114
6159.5	2.1114
6181.5	2.1114
6203.5	2.1114
6225.5	2.1114
6247.5	2.1114
6269.5	2.1114
6296.5	2.1114
6318.5	2.1114
6340.5	2.1114
6362.5	2.1114
6384.5	2.1114
6407.5	2.1114
6429.5	2.1114
6451.5	2.1114
6473.5	2.1114
6495.5	2.1114
6517.5	2.1114
6539.5	2.1114
6561.5	2.1114
6583.5	2.1114
6605.5	2.1114
6627.5	2.1114
6649.5	2.1065
6671.5	2.1114
6693.5	2.1114
6715.5	2.1065
6737.5	2.1114
6759.5	2.1065
6781.5	2.1065
6808.5	2.1065
6830.5	2.1065
6852.5	2.1065
6874.5	2.1065
6896.5	2.1065
6919.5	2.1065
6941.5	2.1065
6963.5	2.1065
6985.5	2.1065
7007.5	2.1017
7029.5	2.1017
7051.5	2.1017
7073.5	2.1065
7095.5	2.1017
7117.5	2.1017
7139.5	2.1017
7161.5	2.1017
7183.5	2.1017
7205.5	2.1017
7227.5	2.1017
7249.5	2.1017
7271.5	2.1017
7293.5	2.1017
7320.5	2.1017
7342.5	2.1017
7364.5	2.1017
7386.5	2.1017
7408.5	2.0968
7431.5	2.0968
7453.5	2.0968
7475.5	2.0968
7497.5	2.0968
7519.5	2.0968
7541.5	2.0968
7563.5	2.0968
7585.5	2.0968
7607.5	2.0968
7629.5	2.0919
7651.5	2.0919
7673.5	2.0919
7695.5	2.0919
7717.5	2.0919
7739.5	2.0919
7761.5	2.0919
7783.5	2.0919
7805.5	2.0919
7832.5	2.0919
7854.5	2.0919
7876.5	2.0919
7898.5	2.0919
7920.5	2.0919
7943.5	2.0919
7965.5	2.0919
7987.5	2.0919
8009.5	2.0919
8031.5	2.0919
8053.5	2.0919
8075.5	2.0919
8097.5	2.0919
8119.5	2.0919
8141.5	2.0919
8163.5	2.0919
8185.5	2.0919
8207.5	2.0919
8229.5	2.0919
8251.5	2.0870
8273.5	2.0870
8295.5	2.0870
8317.5	2.0870
8344.5	2.0870
8366.5	2.0870
8388.5	2.0870
8410.5	2.0870
8432.5	2.0870
8455.5	2.0821
8477.5	2.0821
8499.5	2.0821
8521.5	2.0821
8543.5	2.0821
8565.5	2.0772
8587.5	2.0772
8609.5	2.0772
8631.5	2.0772
8653.5	2.0772
8675.5	2.0772
8697.5	2.0772
8719.5	2.0772
8741.5	2.0772
8763.5	2.0772
8785.5	2.0772
8807.5	2.0772
8829.5	2.0772
8856.5	2.0723
8878.5	2.0723
8900.5	2.0723
8922.5	2.0674
8944.5	2.0723
8967.5	2.0723
8989.5	2.0674
9011.5	2.0674
9033.5	2.0674
9055.5	2.0674
9077.5	2.0674
9099.5	2.0674
9121.5	2.0674
9143.5	2.0674
9165.5	2.0674
9187.5	2.0674
9209.5	2.0674
9231.5	2.0674
9253.5	2.0674
9275.5	2.0674
9297.5	2.0674
9319.5	2.0674
9341.5	2.0674
9368.5	2.0674
9390.5	2.0674
9412.5	2.0674
9434.5	2.0674
9456.5	2.0674
9479.5	2.0674
9501.5	2.0674
9523.5	2.0674
9545.5	2.0674
9567.5	2.0674
9589.5	2.0674
9611.5	2.0674
9633.5	2.0674
9655.5	2.0674
9677.5	2.0674
9699.5	2.0674
9721.5	2.0674
9743.5	2.0674
9765.5	2.0626
9787.5	2.0674
9809.5	2.0674
9831.5	2.0626
9853.5	2.0626
9880.5	2.0626
9902.5	2.0626
9924.5	2.0626
9946.5	2.0626
9968.5	2.0626
9991.5	2.0626
10013.5	2.0626
10035.5	2.0626
10057.5	2.0626
10079.5	2.0626
10101.5	2.0577
10123.5	2.0626
10145.5	2.0577
10167.5	2.0528
10189.5	2.0528
10211.5	2.0528
10233.5	2.0577
10255.5	2.0528
10277.5	2.0528
10299.5	2.0528
10321.5	2.0528
10343.5	2.0528
10365.5	2.0528
10392.5	2.0528
10414.5	2.0528
10436.5	2.0528
10458.5	2.0479
10480.5	2.0479
10503.5	2.0479
10525.5	2.0479
10547.5	2.0479
10569.5	2.0479
10591.5	2.0479
10613.5	2.0479
10635.5	2.0479
10657.5	2.0479
10679.5	2.0479
10701.5	2.0479
10723.5	2.0479
10745.5	2.0479
10767.5	2.0479
10789.5	2.0479
10811.5	2.0479
10833.5	2.0479
10855.5	2.0479
10877.5	2.0479
10904.5	2.0479
10926.5	2.0479
10948.5	2.0479
10970.5	2.0479
10992.5	2.0479
11015.5	2.0479
11037.5	2.0479
11059.5	2.0479
11081.5	2.0430
11103.5	2.0430
11125.5	2.0479
