Program: 1 camread
Address: WL 0   BL 0
Data Pattern: 001
Read/write time: 100 ms
Form/precharge time: 100 ms
Number of read/write pulses: 1

79.5	1.5200
101.5	1.5249
123.5	1.5249
150.5	1.5298
172.5	1.5396
194.5	1.5396
216.5	1.5445
238.5	1.5445
263.5	1.5543
285.5	1.5543
307.5	1.5591
329.5	1.5591
351.5	1.5591
373.5	1.5689
395.5	1.5738
417.5	1.5787
439.5	1.5787
461.5	1.5836
483.5	1.5934
505.5	1.5934
527.5	1.5982
549.5	1.5982
571.5	1.5982
593.5	1.6080
615.5	1.6080
637.5	1.6129
664.5	1.6178
686.5	1.6227
708.5	1.6227
730.5	1.6227
752.5	1.6276
775.5	1.6325
797.5	1.6373
819.5	1.6373
841.5	1.6373
863.5	1.6373
885.5	1.6471
907.5	1.6471
929.5	1.6520
951.5	1.6569
973.5	1.6569
995.5	1.6569
1017.5	1.6618
1039.5	1.6618
1061.5	1.6667
1083.5	1.6716
1105.5	1.6764
1127.5	1.6764
1149.5	1.6813
1176.5	1.6813
1198.5	1.6813
1220.5	1.6813
1242.5	1.6862
1264.5	1.6862
1287.5	1.6911
1309.5	1.6960
1331.5	1.6960
1353.5	1.7009
1375.5	1.7009
1397.5	1.7009
1419.5	1.7058
1441.5	1.7058
1463.5	1.7107
1485.5	1.7107
1507.5	1.7155
1529.5	1.7155
1551.5	1.7204
1573.5	1.7204
1595.5	1.7204
1617.5	1.7204
1639.5	1.7253
1661.5	1.7253
1688.5	1.7253
1710.5	1.7302
1732.5	1.7351
1754.5	1.7351
1776.5	1.7351
1799.5	1.7351
1821.5	1.7351
1843.5	1.7351
1865.5	1.7400
1887.5	1.7400
1909.5	1.7449
1931.5	1.7498
1953.5	1.7498
1975.5	1.7498
1997.5	1.7546
2019.5	1.7546
2041.5	1.7546
2063.5	1.7546
2085.5	1.7546
2107.5	1.7546
2129.5	1.7546
2151.5	1.7546
2173.5	1.7595
2200.5	1.7644
2222.5	1.7644
2244.5	1.7644
2266.5	1.7644
2288.5	1.7644
2311.5	1.7742
2333.5	1.7742
2355.5	1.7742
2377.5	1.7791
2399.5	1.7791
2421.5	1.7791
2443.5	1.7791
2465.5	1.7791
2487.5	1.7791
2509.5	1.7840
2531.5	1.7840
2553.5	1.7840
2575.5	1.7840
2597.5	1.7889
2619.5	1.7889
2641.5	1.7889
2663.5	1.7889
2685.5	1.7937
2712.5	1.7937
2734.5	1.7937
2756.5	1.7937
2778.5	1.7937
2800.5	1.7986
2823.5	1.7986
2845.5	1.7986
2867.5	1.7986
2889.5	1.7986
2911.5	1.7986
2933.5	1.7986
2955.5	1.7986
2977.5	1.7986
2999.5	1.8035
3021.5	1.8035
3043.5	1.8035
3065.5	1.8035
3087.5	1.8035
3109.5	1.8035
3131.5	1.8084
3153.5	1.8084
3175.5	1.8084
3197.5	1.8133
3224.5	1.8133
3246.5	1.8133
3268.5	1.8133
3290.5	1.8133
3312.5	1.8133
3335.5	1.8133
3357.5	1.8133
3379.5	1.8133
3401.5	1.8133
3423.5	1.8133
3445.5	1.8133
3467.5	1.8182
3489.5	1.8182
3511.5	1.8182
3533.5	1.8182
3555.5	1.8182
3577.5	1.8182
3599.5	1.8182
3621.5	1.8231
3643.5	1.8280
3665.5	1.8231
3687.5	1.8280
3709.5	1.8280
3736.5	1.8280
3758.5	1.8280
3780.5	1.8280
3802.5	1.8280
3824.5	1.8328
3847.5	1.8280
3869.5	1.8328
3891.5	1.8328
3913.5	1.8328
3935.5	1.8328
3957.5	1.8328
3979.5	1.8328
4001.5	1.8377
4023.5	1.8328
4045.5	1.8377
4067.5	1.8377
4089.5	1.8377
4111.5	1.8377
4133.5	1.8377
4155.5	1.8377
4177.5	1.8377
4199.5	1.8377
4221.5	1.8377
4248.5	1.8377
4270.5	1.8377
4292.5	1.8377
4314.5	1.8377
4336.5	1.8377
4359.5	1.8377
4381.5	1.8377
4403.5	1.8377
4425.5	1.8377
4447.5	1.8377
4469.5	1.8377
4491.5	1.8377
4513.5	1.8426
4535.5	1.8426
4557.5	1.8426
4579.5	1.8426
4601.5	1.8426
4623.5	1.8426
4645.5	1.8426
4667.5	1.8426
4689.5	1.8426
4711.5	1.8426
4733.5	1.8426
4760.5	1.8426
4782.5	1.8426
4804.5	1.8426
4826.5	1.8426
4848.5	1.8426
4871.5	1.8426
4893.5	1.8426
4915.5	1.8426
4937.5	1.8426
4959.5	1.8426
4981.5	1.8426
5003.5	1.8426
5025.5	1.8426
5047.5	1.8426
5069.5	1.8426
5091.5	1.8426
5113.5	1.8426
5135.5	1.8426
5157.5	1.8426
5179.5	1.8426
5201.5	1.8426
5223.5	1.8426
5245.5	1.8426
5272.5	1.8426
5294.5	1.8426
5316.5	1.8426
5338.5	1.8426
5360.5	1.8426
5383.5	1.8426
5405.5	1.8426
5427.5	1.8426
5449.5	1.8377
5471.5	1.8426
5493.5	1.8426
5515.5	1.8377
5537.5	1.8426
5559.5	1.8426
5581.5	1.8377
5603.5	1.8377
5625.5	1.8377
5647.5	1.8377
5669.5	1.8426
5691.5	1.8377
5713.5	1.8377
5735.5	1.8377
5757.5	1.8377
5784.5	1.8377
5806.5	1.8377
5828.5	1.8377
5850.5	1.8426
5872.5	1.8377
5895.5	1.8377
5917.5	1.8377
5939.5	1.8377
5961.5	1.8426
5983.5	1.8377
6005.5	1.8377
6027.5	1.8377
6049.5	1.8377
6071.5	1.8377
6093.5	1.8377
6115.5	1.8377
6137.5	1.8377
6159.5	1.8377
6181.5	1.8377
6203.5	1.8377
6225.5	1.8377
6247.5	1.8377
6269.5	1.8377
6296.5	1.8377
6318.5	1.8377
6340.5	1.8377
6362.5	1.8377
6384.5	1.8377
6407.5	1.8377
6429.5	1.8377
6451.5	1.8377
6473.5	1.8377
6495.5	1.8377
6517.5	1.8377
6539.5	1.8377
6561.5	1.8377
6583.5	1.8377
6605.5	1.8377
6627.5	1.8377
6649.5	1.8377
6671.5	1.8377
6693.5	1.8377
6715.5	1.8377
6737.5	1.8377
6759.5	1.8377
6781.5	1.8377
6808.5	1.8377
6830.5	1.8377
6852.5	1.8377
6874.5	1.8377
6896.5	1.8377
6919.5	1.8377
6941.5	1.8377
6963.5	1.8377
6985.5	1.8377
7007.5	1.8377
7029.5	1.8377
7051.5	1.8377
7073.5	1.8377
7095.5	1.8377
7117.5	1.8377
7139.5	1.8377
7161.5	1.8377
7183.5	1.8377
7205.5	1.8377
7227.5	1.8377
7249.5	1.8377
7271.5	1.8377
7293.5	1.8377
7320.5	1.8377
7342.5	1.8377
7364.5	1.8377
7386.5	1.8377
7408.5	1.8377
7431.5	1.8377
7453.5	1.8377
7475.5	1.8377
7497.5	1.8377
7519.5	1.8328
7541.5	1.8328
7563.5	1.8377
7585.5	1.8328
7607.5	1.8328
7629.5	1.8328
7651.5	1.8328
7673.5	1.8328
7695.5	1.8328
7717.5	1.8377
7739.5	1.8328
7761.5	1.8328
7783.5	1.8328
7805.5	1.8328
7832.5	1.8328
7854.5	1.8328
7876.5	1.8328
7898.5	1.8328
7920.5	1.8328
7943.5	1.8328
7965.5	1.8280
7987.5	1.8328
8009.5	1.8328
8031.5	1.8328
8053.5	1.8280
8075.5	1.8328
8097.5	1.8328
8119.5	1.8328
8141.5	1.8328
8163.5	1.8328
8185.5	1.8280
8207.5	1.8280
8229.5	1.8280
8251.5	1.8280
8273.5	1.8328
8295.5	1.8280
8317.5	1.8280
8344.5	1.8280
8366.5	1.8280
8388.5	1.8280
8410.5	1.8280
8432.5	1.8280
8455.5	1.8280
8477.5	1.8280
8499.5	1.8280
8521.5	1.8280
8543.5	1.8280
8565.5	1.8280
8587.5	1.8280
8609.5	1.8280
8631.5	1.8280
8653.5	1.8280
8675.5	1.8280
8697.5	1.8280
8719.5	1.8280
8741.5	1.8280
8763.5	1.8280
8785.5	1.8280
8807.5	1.8280
8829.5	1.8280
8856.5	1.8280
8878.5	1.8280
8900.5	1.8280
8922.5	1.8280
8944.5	1.8280
8967.5	1.8280
8989.5	1.8231
9011.5	1.8280
9033.5	1.8280
9055.5	1.8231
9077.5	1.8231
9099.5	1.8231
9121.5	1.8231
9143.5	1.8280
9165.5	1.8280
9187.5	1.8231
9209.5	1.8231
9231.5	1.8231
9253.5	1.8231
9275.5	1.8182
9297.5	1.8280
9319.5	1.8231
9341.5	1.8231
9368.5	1.8231
9390.5	1.8182
9412.5	1.8231
9434.5	1.8231
9456.5	1.8231
9479.5	1.8231
9501.5	1.8182
9523.5	1.8182
9545.5	1.8182
9567.5	1.8182
9589.5	1.8231
9611.5	1.8182
9633.5	1.8182
9655.5	1.8182
9677.5	1.8182
9699.5	1.8182
9721.5	1.8182
9743.5	1.8231
9765.5	1.8182
9787.5	1.8182
9809.5	1.8182
9831.5	1.8182
9853.5	1.8182
9880.5	1.8182
9902.5	1.8182
9924.5	1.8182
9946.5	1.8182
9968.5	1.8182
9991.5	1.8182
10013.5	1.8182
10035.5	1.8182
10057.5	1.8182
10079.5	1.8182
10101.5	1.8182
10123.5	1.8182
10145.5	1.8133
10167.5	1.8182
10189.5	1.8133
10211.5	1.8133
10233.5	1.8133
10255.5	1.8133
10277.5	1.8133
10299.5	1.8133
10321.5	1.8182
10343.5	1.8133
10365.5	1.8133
10392.5	1.8133
10414.5	1.8133
10436.5	1.8133
10458.5	1.8182
10480.5	1.8133
10503.5	1.8133
10525.5	1.8133
10547.5	1.8133
10569.5	1.8133
10591.5	1.8133
10613.5	1.8133
10635.5	1.8133
10657.5	1.8133
10679.5	1.8133
10701.5	1.8133
10723.5	1.8133
10745.5	1.8133
10767.5	1.8133
10789.5	1.8133
10811.5	1.8133
10833.5	1.8133
10855.5	1.8133
10877.5	1.8133
10904.5	1.8133
10926.5	1.8133
10948.5	1.8133
10970.5	1.8133
10992.5	1.8133
11015.5	1.8133
11037.5	1.8133
11059.5	1.8133
11081.5	1.8133
11103.5	1.8133
11125.5	1.8133
