Program: 1 camread
Address: WL 0   BL 0
Data Pattern: 011
Read/write time: 100 ms
Form/precharge time: 100 ms
Number of read/write pulses: 1

79.5	1.5200
101.5	1.5249
123.5	1.5249
150.5	1.5298
172.5	1.5298
194.5	1.5396
216.5	1.5445
238.5	1.5445
263.5	1.5543
285.5	1.5543
307.5	1.5591
329.5	1.5591
351.5	1.5591
373.5	1.5689
395.5	1.5689
417.5	1.5787
439.5	1.5787
461.5	1.5787
483.5	1.5836
505.5	1.5885
527.5	1.5934
549.5	1.5982
571.5	1.5982
593.5	1.5982
615.5	1.5982
637.5	1.6080
664.5	1.6080
686.5	1.6129
708.5	1.6178
730.5	1.6227
752.5	1.6227
775.5	1.6227
797.5	1.6276
819.5	1.6325
841.5	1.6325
863.5	1.6373
885.5	1.6373
907.5	1.6373
929.5	1.6373
951.5	1.6422
973.5	1.6471
995.5	1.6471
1017.5	1.6520
1039.5	1.6569
1061.5	1.6569
1083.5	1.6569
1105.5	1.6569
1127.5	1.6618
1149.5	1.6667
1176.5	1.6667
1198.5	1.6716
1220.5	1.6716
1242.5	1.6764
1264.5	1.6764
1287.5	1.6813
1309.5	1.6813
1331.5	1.6813
1353.5	1.6813
1375.5	1.6813
1397.5	1.6813
1419.5	1.6862
1441.5	1.6862
1463.5	1.6862
1485.5	1.6911
1507.5	1.6960
1529.5	1.6960
1551.5	1.6960
1573.5	1.7009
1595.5	1.7009
1617.5	1.7009
1639.5	1.7009
1661.5	1.7009
1688.5	1.7058
1710.5	1.7058
1732.5	1.7107
1754.5	1.7107
1776.5	1.7107
1799.5	1.7107
1821.5	1.7155
1843.5	1.7155
1865.5	1.7155
1887.5	1.7204
1909.5	1.7204
1931.5	1.7204
1953.5	1.7204
1975.5	1.7204
1997.5	1.7204
2019.5	1.7204
2041.5	1.7253
2063.5	1.7253
2085.5	1.7253
2107.5	1.7253
2129.5	1.7253
2151.5	1.7253
2173.5	1.7302
2200.5	1.7302
2222.5	1.7302
2244.5	1.7351
2266.5	1.7351
2288.5	1.7351
2311.5	1.7351
2333.5	1.7351
2355.5	1.7351
2377.5	1.7351
2399.5	1.7351
2421.5	1.7351
2443.5	1.7400
2465.5	1.7400
2487.5	1.7400
2509.5	1.7400
2531.5	1.7400
2553.5	1.7400
2575.5	1.7400
2597.5	1.7449
2619.5	1.7449
2641.5	1.7449
2663.5	1.7498
2685.5	1.7498
2712.5	1.7498
2734.5	1.7498
2756.5	1.7498
2778.5	1.7498
2800.5	1.7498
2823.5	1.7498
2845.5	1.7498
2867.5	1.7498
2889.5	1.7546
2911.5	1.7546
2933.5	1.7546
2955.5	1.7546
2977.5	1.7546
2999.5	1.7546
3021.5	1.7546
3043.5	1.7546
3065.5	1.7546
3087.5	1.7546
3109.5	1.7546
3131.5	1.7546
3153.5	1.7546
3175.5	1.7546
3197.5	1.7546
3224.5	1.7546
3246.5	1.7546
3268.5	1.7546
3290.5	1.7546
3312.5	1.7546
3335.5	1.7546
3357.5	1.7546
3379.5	1.7546
3401.5	1.7546
3423.5	1.7546
3445.5	1.7546
3467.5	1.7546
3489.5	1.7546
3511.5	1.7546
3533.5	1.7546
3555.5	1.7546
3577.5	1.7546
3599.5	1.7546
3621.5	1.7546
3643.5	1.7546
3665.5	1.7546
3687.5	1.7546
3709.5	1.7546
3736.5	1.7546
3758.5	1.7546
3780.5	1.7546
3802.5	1.7546
3824.5	1.7546
3847.5	1.7546
3869.5	1.7546
3891.5	1.7546
3913.5	1.7595
3935.5	1.7546
3957.5	1.7546
3979.5	1.7546
4001.5	1.7546
4023.5	1.7546
4045.5	1.7546
4067.5	1.7595
4089.5	1.7546
4111.5	1.7546
4133.5	1.7546
4155.5	1.7595
4177.5	1.7546
4199.5	1.7546
4221.5	1.7546
4248.5	1.7546
4270.5	1.7546
4292.5	1.7546
4314.5	1.7546
4336.5	1.7644
4359.5	1.7595
4381.5	1.7546
4403.5	1.7546
4425.5	1.7546
4447.5	1.7546
4469.5	1.7546
4491.5	1.7595
4513.5	1.7546
4535.5	1.7546
4557.5	1.7546
4579.5	1.7546
4601.5	1.7546
4623.5	1.7595
4645.5	1.7546
4667.5	1.7546
4689.5	1.7546
4711.5	1.7546
4733.5	1.7546
4760.5	1.7546
4782.5	1.7546
4804.5	1.7546
4826.5	1.7546
4848.5	1.7546
4871.5	1.7546
4893.5	1.7546
4915.5	1.7546
4937.5	1.7546
4959.5	1.7546
4981.5	1.7546
5003.5	1.7546
5025.5	1.7546
5047.5	1.7546
5069.5	1.7546
5091.5	1.7546
5113.5	1.7546
5135.5	1.7546
5157.5	1.7546
5179.5	1.7546
5201.5	1.7546
5223.5	1.7546
5245.5	1.7546
5272.5	1.7546
5294.5	1.7546
5316.5	1.7546
5338.5	1.7546
5360.5	1.7546
5383.5	1.7546
5405.5	1.7546
5427.5	1.7546
5449.5	1.7546
5471.5	1.7546
5493.5	1.7546
5515.5	1.7546
5537.5	1.7546
5559.5	1.7546
5581.5	1.7546
5603.5	1.7546
5625.5	1.7546
5647.5	1.7546
5669.5	1.7546
5691.5	1.7546
5713.5	1.7546
5735.5	1.7546
5757.5	1.7546
5784.5	1.7546
5806.5	1.7546
5828.5	1.7546
5850.5	1.7546
5872.5	1.7546
5895.5	1.7546
5917.5	1.7546
5939.5	1.7546
5961.5	1.7546
5983.5	1.7546
6005.5	1.7546
6027.5	1.7546
6049.5	1.7546
6071.5	1.7546
6093.5	1.7546
6115.5	1.7546
6137.5	1.7546
6159.5	1.7498
6181.5	1.7546
6203.5	1.7498
6225.5	1.7498
6247.5	1.7498
6269.5	1.7498
6296.5	1.7498
6318.5	1.7498
6340.5	1.7498
6362.5	1.7498
6384.5	1.7498
6407.5	1.7498
6429.5	1.7498
6451.5	1.7498
6473.5	1.7498
6495.5	1.7498
6517.5	1.7498
6539.5	1.7498
6561.5	1.7498
6583.5	1.7498
6605.5	1.7498
6627.5	1.7498
6649.5	1.7498
6671.5	1.7498
6693.5	1.7449
6715.5	1.7449
6737.5	1.7498
6759.5	1.7449
6781.5	1.7449
6808.5	1.7498
6830.5	1.7449
6852.5	1.7449
6874.5	1.7400
6896.5	1.7400
6919.5	1.7400
6941.5	1.7400
6963.5	1.7449
6985.5	1.7400
7007.5	1.7400
7029.5	1.7400
7051.5	1.7400
7073.5	1.7400
7095.5	1.7400
7117.5	1.7400
7139.5	1.7400
7161.5	1.7400
7183.5	1.7400
7205.5	1.7400
7227.5	1.7400
7249.5	1.7351
7271.5	1.7351
7293.5	1.7351
7320.5	1.7351
7342.5	1.7351
7364.5	1.7351
7386.5	1.7351
7408.5	1.7351
7431.5	1.7351
7453.5	1.7351
7475.5	1.7351
7497.5	1.7351
7519.5	1.7351
7541.5	1.7351
7563.5	1.7351
7585.5	1.7351
7607.5	1.7351
7629.5	1.7351
7651.5	1.7351
7673.5	1.7351
7695.5	1.7351
7717.5	1.7351
7739.5	1.7351
7761.5	1.7351
7783.5	1.7351
7805.5	1.7351
7832.5	1.7351
7854.5	1.7351
7876.5	1.7351
7898.5	1.7351
7920.5	1.7351
7943.5	1.7351
7965.5	1.7351
7987.5	1.7351
8009.5	1.7351
8031.5	1.7302
8053.5	1.7302
8075.5	1.7302
8097.5	1.7302
8119.5	1.7302
8141.5	1.7302
8163.5	1.7302
8185.5	1.7302
8207.5	1.7253
8229.5	1.7302
8251.5	1.7253
8273.5	1.7253
8295.5	1.7253
8317.5	1.7253
8344.5	1.7253
8366.5	1.7253
8388.5	1.7253
8410.5	1.7253
8432.5	1.7253
8455.5	1.7253
8477.5	1.7253
8499.5	1.7253
8521.5	1.7253
8543.5	1.7253
8565.5	1.7253
8587.5	1.7253
8609.5	1.7253
8631.5	1.7253
8653.5	1.7253
8675.5	1.7253
8697.5	1.7253
8719.5	1.7204
8741.5	1.7204
8763.5	1.7204
8785.5	1.7204
8807.5	1.7204
8829.5	1.7204
8856.5	1.7204
8878.5	1.7204
8900.5	1.7204
8922.5	1.7204
8944.5	1.7204
8967.5	1.7204
8989.5	1.7204
9011.5	1.7204
9033.5	1.7204
9055.5	1.7204
9077.5	1.7204
9099.5	1.7204
9121.5	1.7204
9143.5	1.7204
9165.5	1.7204
9187.5	1.7204
9209.5	1.7204
9231.5	1.7204
9253.5	1.7204
9275.5	1.7204
9297.5	1.7204
9319.5	1.7204
9341.5	1.7204
9368.5	1.7204
9390.5	1.7155
9412.5	1.7204
9434.5	1.7155
9456.5	1.7155
9479.5	1.7155
9501.5	1.7155
9523.5	1.7155
9545.5	1.7155
9567.5	1.7155
9589.5	1.7155
9611.5	1.7155
9633.5	1.7155
9655.5	1.7155
9677.5	1.7155
9699.5	1.7155
9721.5	1.7155
9743.5	1.7107
9765.5	1.7107
9787.5	1.7107
9809.5	1.7107
9831.5	1.7155
9853.5	1.7107
9880.5	1.7107
9902.5	1.7107
9924.5	1.7107
9946.5	1.7107
9968.5	1.7107
9991.5	1.7107
10013.5	1.7107
10035.5	1.7107
10057.5	1.7107
10079.5	1.7107
10101.5	1.7107
10123.5	1.7107
10145.5	1.7107
10167.5	1.7058
10189.5	1.7107
10211.5	1.7107
10233.5	1.7058
10255.5	1.7107
10277.5	1.7058
10299.5	1.7058
10321.5	1.7058
10343.5	1.7058
10365.5	1.7009
10392.5	1.7058
10414.5	1.7009
10436.5	1.7058
10458.5	1.7009
10480.5	1.7009
10503.5	1.7009
10525.5	1.7009
10547.5	1.7009
10569.5	1.7009
10591.5	1.7009
10613.5	1.7009
10635.5	1.7009
10657.5	1.7009
10679.5	1.7009
10701.5	1.7009
10723.5	1.7009
10745.5	1.7009
10767.5	1.7009
10789.5	1.7009
10811.5	1.7009
10833.5	1.7009
10855.5	1.7009
10877.5	1.7009
10904.5	1.7009
10926.5	1.7009
10948.5	1.7009
10970.5	1.7009
10992.5	1.7009
11015.5	1.7009
11037.5	1.7009
11059.5	1.7009
11081.5	1.7009
11103.5	1.7009
11125.5	1.7009
