Program: 1 camread
Address: WL 0   BL 0
Data Pattern: 000
Read/write time: 100 ms
Form/precharge time: 100 ms
Number of read/write pulses: 1

79.5	1.5200
101.5	1.5249
123.5	1.5249
150.5	1.5298
172.5	1.5298
194.5	1.5396
216.5	1.5445
238.5	1.5445
263.5	1.5445
285.5	1.5543
307.5	1.5543
329.5	1.5591
351.5	1.5591
373.5	1.5591
395.5	1.5591
417.5	1.5689
439.5	1.5689
461.5	1.5689
483.5	1.5787
505.5	1.5787
527.5	1.5787
549.5	1.5787
571.5	1.5787
593.5	1.5836
615.5	1.5836
637.5	1.5885
664.5	1.5934
686.5	1.5934
708.5	1.5934
730.5	1.5934
752.5	1.5934
775.5	1.5982
797.5	1.5982
819.5	1.5982
841.5	1.5982
863.5	1.5982
885.5	1.5982
907.5	1.5982
929.5	1.5982
951.5	1.5982
973.5	1.5982
995.5	1.5982
1017.5	1.5982
1039.5	1.5982
1061.5	1.5982
1083.5	1.5982
1105.5	1.5982
1127.5	1.5982
1149.5	1.5982
1176.5	1.5982
1198.5	1.5982
1220.5	1.5982
1242.5	1.5982
1264.5	1.5982
1287.5	1.5982
1309.5	1.5982
1331.5	1.5982
1353.5	1.5982
1375.5	1.5982
1397.5	1.5982
1419.5	1.5934
1441.5	1.5934
1463.5	1.5934
1485.5	1.5934
1507.5	1.5934
1529.5	1.5934
1551.5	1.5885
1573.5	1.5836
1595.5	1.5836
1617.5	1.5836
1639.5	1.5787
1661.5	1.5787
1688.5	1.5787
1710.5	1.5787
1732.5	1.5787
1754.5	1.5738
1776.5	1.5689
1799.5	1.5689
1821.5	1.5689
1843.5	1.5591
1865.5	1.5591
1887.5	1.5591
1909.5	1.5591
1931.5	1.5591
1953.5	1.5591
1975.5	1.5543
1997.5	1.5543
2019.5	1.5494
2041.5	1.5445
2063.5	1.5445
2085.5	1.5445
2107.5	1.5445
2129.5	1.5396
2151.5	1.5347
2173.5	1.5298
2200.5	1.5298
2222.5	1.5249
2244.5	1.5249
2266.5	1.5249
2288.5	1.5249
2311.5	1.5200
2333.5	1.5152
2355.5	1.5152
2377.5	1.5152
2399.5	1.5054
2421.5	1.5005
2443.5	1.5005
2465.5	1.5005
2487.5	1.4956
2509.5	1.4907
2531.5	1.4907
2553.5	1.4858
2575.5	1.4858
2597.5	1.4858
2619.5	1.4809
2641.5	1.4761
2663.5	1.4761
2685.5	1.4712
2712.5	1.4663
2734.5	1.4663
2756.5	1.4614
2778.5	1.4614
2800.5	1.4516
2823.5	1.4516
2845.5	1.4418
2867.5	1.4418
2889.5	1.4418
2911.5	1.4418
2933.5	1.4370
2955.5	1.4370
2977.5	1.4321
2999.5	1.4272
3021.5	1.4223
3043.5	1.4223
3065.5	1.4174
3087.5	1.4125
3109.5	1.4125
3131.5	1.4027
3153.5	1.4027
3175.5	1.4027
3197.5	1.3978
3224.5	1.3930
3246.5	1.3881
3268.5	1.3881
3290.5	1.3881
3312.5	1.3832
3335.5	1.3734
3357.5	1.3734
3379.5	1.3685
3401.5	1.3685
3423.5	1.3685
3445.5	1.3636
3467.5	1.3587
3489.5	1.3539
3511.5	1.3490
3533.5	1.3441
3555.5	1.3441
3577.5	1.3392
3599.5	1.3343
3621.5	1.3343
3643.5	1.3245
3665.5	1.3245
3687.5	1.3245
3709.5	1.3245
3736.5	1.3196
3758.5	1.3099
3780.5	1.3099
3802.5	1.3050
3824.5	1.3001
3847.5	1.2952
3869.5	1.2952
3891.5	1.2854
3913.5	1.2854
3935.5	1.2854
3957.5	1.2805
3979.5	1.2805
4001.5	1.2757
4023.5	1.2708
4045.5	1.2659
4067.5	1.2659
4089.5	1.2610
4111.5	1.2561
4133.5	1.2561
4155.5	1.2463
4177.5	1.2463
4199.5	1.2414
4221.5	1.2414
4248.5	1.2366
4270.5	1.2317
4292.5	1.2317
4314.5	1.2268
4336.5	1.2219
4359.5	1.2170
4381.5	1.2121
4403.5	1.2121
4425.5	1.2121
4447.5	1.2072
4469.5	1.2023
4491.5	1.1975
4513.5	1.1926
4535.5	1.1877
4557.5	1.1877
4579.5	1.1877
4601.5	1.1779
4623.5	1.1779
4645.5	1.1730
4667.5	1.1730
4689.5	1.1730
4711.5	1.1681
4733.5	1.1632
4760.5	1.1584
4782.5	1.1535
4804.5	1.1535
4826.5	1.1486
4848.5	1.1437
4871.5	1.1388
4893.5	1.1290
4915.5	1.1290
4937.5	1.1290
4959.5	1.1290
4981.5	1.1241
5003.5	1.1241
5025.5	1.1144
5047.5	1.1095
5069.5	1.1095
5091.5	1.1095
5113.5	1.1046
5135.5	1.0997
5157.5	1.0997
5179.5	1.0948
5201.5	1.0948
5223.5	1.0899
5245.5	1.0850
5272.5	1.0802
5294.5	1.0753
5316.5	1.0753
5338.5	1.0753
5360.5	1.0704
5383.5	1.0655
5405.5	1.0606
5427.5	1.0606
5449.5	1.0557
5471.5	1.0557
5493.5	1.0508
5515.5	1.0459
5537.5	1.0459
5559.5	1.0411
5581.5	1.0362
5603.5	1.0313
5625.5	1.0313
5647.5	1.0264
5669.5	1.0215
5691.5	1.0215
5713.5	1.0215
5735.5	1.0117
5757.5	1.0117
5784.5	1.0117
5806.5	1.0068
5828.5	1.0020
5850.5	0.9971
5872.5	0.9971
5895.5	0.9971
5917.5	0.9922
5939.5	0.9824
5961.5	0.9824
5983.5	0.9775
6005.5	0.9726
6027.5	0.9726
6049.5	0.9726
6071.5	0.9726
6093.5	0.9677
6115.5	0.9629
6137.5	0.9580
6159.5	0.9580
6181.5	0.9531
6203.5	0.9531
6225.5	0.9482
6247.5	0.9433
6269.5	0.9433
6296.5	0.9384
6318.5	0.9384
6340.5	0.9335
6362.5	0.9286
6384.5	0.9286
6407.5	0.9238
6429.5	0.9189
6451.5	0.9189
6473.5	0.9189
6495.5	0.9140
6517.5	0.9091
6539.5	0.9042
6561.5	0.9042
6583.5	0.8993
6605.5	0.8993
6627.5	0.8993
6649.5	0.8944
6671.5	0.8944
6693.5	0.8895
6715.5	0.8847
6737.5	0.8847
6759.5	0.8798
6781.5	0.8749
6808.5	0.8749
6830.5	0.8700
6852.5	0.8651
6874.5	0.8651
6896.5	0.8602
6919.5	0.8602
6941.5	0.8602
6963.5	0.8553
6985.5	0.8553
7007.5	0.8504
7029.5	0.8504
7051.5	0.8407
7073.5	0.8407
7095.5	0.8407
7117.5	0.8358
7139.5	0.8358
7161.5	0.8260
7183.5	0.8260
7205.5	0.8260
7227.5	0.8162
7249.5	0.8162
7271.5	0.8162
7293.5	0.8162
7320.5	0.8113
7342.5	0.8113
7364.5	0.8065
7386.5	0.8016
7408.5	0.7967
7431.5	0.7967
7453.5	0.7967
7475.5	0.7967
7497.5	0.7918
7519.5	0.7869
7541.5	0.7869
7563.5	0.7771
7585.5	0.7771
7607.5	0.7771
7629.5	0.7771
7651.5	0.7722
7673.5	0.7722
7695.5	0.7722
7717.5	0.7674
7739.5	0.7625
7761.5	0.7625
7783.5	0.7576
7805.5	0.7576
7832.5	0.7527
7854.5	0.7478
7876.5	0.7478
7898.5	0.7429
7920.5	0.7429
7943.5	0.7429
7965.5	0.7429
7987.5	0.7380
8009.5	0.7331
8031.5	0.7331
8053.5	0.7331
8075.5	0.7234
8097.5	0.7234
8119.5	0.7185
8141.5	0.7185
8163.5	0.7185
8185.5	0.7185
8207.5	0.7136
8229.5	0.7087
8251.5	0.7038
8273.5	0.7038
8295.5	0.6989
8317.5	0.6989
8344.5	0.6989
8366.5	0.6989
8388.5	0.6940
8410.5	0.6940
8432.5	0.6891
8455.5	0.6843
8477.5	0.6843
8499.5	0.6843
8521.5	0.6794
8543.5	0.6794
8565.5	0.6745
8587.5	0.6745
8609.5	0.6696
8631.5	0.6647
8653.5	0.6598
8675.5	0.6598
8697.5	0.6598
8719.5	0.6598
8741.5	0.6598
8763.5	0.6549
8785.5	0.6549
8807.5	0.6549
8829.5	0.6500
8856.5	0.6452
8878.5	0.6452
8900.5	0.6403
8922.5	0.6403
8944.5	0.6403
8967.5	0.6354
8989.5	0.6305
9011.5	0.6305
9033.5	0.6305
9055.5	0.6207
9077.5	0.6207
9099.5	0.6207
9121.5	0.6207
9143.5	0.6207
9165.5	0.6207
9187.5	0.6158
9209.5	0.6158
9231.5	0.6109
9253.5	0.6109
9275.5	0.6061
9297.5	0.6061
9319.5	0.6061
9341.5	0.6012
9368.5	0.6012
9390.5	0.5963
9412.5	0.5914
9434.5	0.5914
9456.5	0.5914
9479.5	0.5865
9501.5	0.5865
9523.5	0.5865
9545.5	0.5865
9567.5	0.5816
9589.5	0.5816
9611.5	0.5767
9633.5	0.5767
9655.5	0.5767
9677.5	0.5718
9699.5	0.5670
9721.5	0.5670
9743.5	0.5670
9765.5	0.5621
9787.5	0.5621
9809.5	0.5621
9831.5	0.5621
9853.5	0.5523
9880.5	0.5523
9902.5	0.5523
9924.5	0.5523
9946.5	0.5474
9968.5	0.5474
9991.5	0.5474
10013.5	0.5425
10035.5	0.5425
10057.5	0.5425
10079.5	0.5425
10101.5	0.5376
10123.5	0.5327
10145.5	0.5327
10167.5	0.5279
10189.5	0.5279
10211.5	0.5279
10233.5	0.5279
10255.5	0.5230
10277.5	0.5230
10299.5	0.5230
10321.5	0.5181
10343.5	0.5181
10365.5	0.5132
10392.5	0.5132
10414.5	0.5034
10436.5	0.5034
10458.5	0.5034
10480.5	0.5034
10503.5	0.5034
10525.5	0.5034
10547.5	0.5034
10569.5	0.4985
10591.5	0.4985
10613.5	0.4985
10635.5	0.4985
10657.5	0.4936
10679.5	0.4936
10701.5	0.4888
10723.5	0.4839
10745.5	0.4839
10767.5	0.4839
10789.5	0.4839
10811.5	0.4839
10833.5	0.4790
10855.5	0.4741
10877.5	0.4741
10904.5	0.4741
10926.5	0.4741
10948.5	0.4692
10970.5	0.4692
10992.5	0.4692
11015.5	0.4692
11037.5	0.4643
11059.5	0.4643
11081.5	0.4643
11103.5	0.4594
11125.5	0.4594
