Program: 1 camread
Address: WL 0   BL 0
Data Pattern: 011
Read/write time: 100 ms
Form/precharge time: 100 ms
Number of read/write pulses: 1

79.5	1.5005
101.5	1.5005
123.5	1.5005
150.5	1.5005
172.5	1.5005
194.5	1.5005
216.5	1.5005
238.5	1.5005
263.5	1.5054
285.5	1.5054
307.5	1.5054
329.5	1.5054
351.5	1.5103
373.5	1.5103
395.5	1.5152
417.5	1.5152
439.5	1.5152
461.5	1.5152
483.5	1.5152
505.5	1.5152
527.5	1.5200
549.5	1.5200
571.5	1.5200
593.5	1.5200
615.5	1.5200
637.5	1.5249
664.5	1.5249
686.5	1.5249
708.5	1.5249
730.5	1.5249
752.5	1.5249
775.5	1.5249
797.5	1.5249
819.5	1.5249
841.5	1.5249
863.5	1.5249
885.5	1.5249
907.5	1.5249
929.5	1.5249
951.5	1.5249
973.5	1.5298
995.5	1.5298
1017.5	1.5249
1039.5	1.5298
1061.5	1.5298
1083.5	1.5298
1105.5	1.5298
1127.5	1.5298
1149.5	1.5298
1176.5	1.5298
1198.5	1.5298
1220.5	1.5298
1242.5	1.5298
1264.5	1.5298
1287.5	1.5347
1309.5	1.5347
1331.5	1.5347
1353.5	1.5347
1375.5	1.5347
1397.5	1.5396
1419.5	1.5396
1441.5	1.5396
1463.5	1.5396
1485.5	1.5396
1507.5	1.5396
1529.5	1.5396
1551.5	1.5396
1573.5	1.5396
1595.5	1.5396
1617.5	1.5396
1639.5	1.5396
1661.5	1.5396
1688.5	1.5396
1710.5	1.5396
1732.5	1.5445
1754.5	1.5396
1776.5	1.5396
1799.5	1.5445
1821.5	1.5396
1843.5	1.5445
1865.5	1.5445
1887.5	1.5396
1909.5	1.5445
1931.5	1.5445
1953.5	1.5445
1975.5	1.5445
1997.5	1.5445
2019.5	1.5445
2041.5	1.5445
2063.5	1.5445
2085.5	1.5445
2107.5	1.5445
2129.5	1.5445
2151.5	1.5445
2173.5	1.5445
2200.5	1.5445
2222.5	1.5445
2244.5	1.5445
2266.5	1.5445
2288.5	1.5445
2311.5	1.5445
2333.5	1.5445
2355.5	1.5445
2377.5	1.5445
2399.5	1.5445
2421.5	1.5445
2443.5	1.5445
2465.5	1.5445
2487.5	1.5445
2509.5	1.5445
2531.5	1.5445
2553.5	1.5445
2575.5	1.5445
2597.5	1.5445
2619.5	1.5445
2641.5	1.5445
2663.5	1.5445
2685.5	1.5445
2712.5	1.5445
2734.5	1.5445
2756.5	1.5445
2778.5	1.5445
2800.5	1.5445
2823.5	1.5445
2845.5	1.5445
2867.5	1.5445
2889.5	1.5445
2911.5	1.5445
2933.5	1.5445
2955.5	1.5445
2977.5	1.5445
2999.5	1.5445
3021.5	1.5445
3043.5	1.5445
3065.5	1.5445
3087.5	1.5445
3109.5	1.5445
3131.5	1.5445
3153.5	1.5445
3175.5	1.5445
3197.5	1.5445
3224.5	1.5445
3246.5	1.5445
3268.5	1.5445
3290.5	1.5445
3312.5	1.5445
3335.5	1.5445
3357.5	1.5445
3379.5	1.5445
3401.5	1.5445
3423.5	1.5445
3445.5	1.5445
3467.5	1.5445
3489.5	1.5445
3511.5	1.5445
3533.5	1.5445
3555.5	1.5445
3577.5	1.5445
3599.5	1.5445
3621.5	1.5445
3643.5	1.5445
3665.5	1.5445
3687.5	1.5445
3709.5	1.5445
3736.5	1.5445
3758.5	1.5445
3780.5	1.5445
3802.5	1.5445
3824.5	1.5445
3847.5	1.5445
3869.5	1.5445
3891.5	1.5445
3913.5	1.5445
3935.5	1.5445
3957.5	1.5445
3979.5	1.5445
4001.5	1.5445
4023.5	1.5445
4045.5	1.5445
4067.5	1.5396
4089.5	1.5445
4111.5	1.5396
4133.5	1.5396
4155.5	1.5445
4177.5	1.5445
4199.5	1.5396
4221.5	1.5396
4248.5	1.5396
4270.5	1.5396
4292.5	1.5396
4314.5	1.5396
4336.5	1.5396
4359.5	1.5396
4381.5	1.5396
4403.5	1.5396
4425.5	1.5396
4447.5	1.5445
4469.5	1.5396
4491.5	1.5396
4513.5	1.5396
4535.5	1.5396
4557.5	1.5396
4579.5	1.5396
4601.5	1.5396
4623.5	1.5396
4645.5	1.5396
4667.5	1.5396
4689.5	1.5396
4711.5	1.5396
4733.5	1.5396
4760.5	1.5396
4782.5	1.5396
4804.5	1.5396
4826.5	1.5396
4848.5	1.5396
4871.5	1.5396
4893.5	1.5396
4915.5	1.5396
4937.5	1.5396
4959.5	1.5396
4981.5	1.5396
5003.5	1.5396
5025.5	1.5396
5047.5	1.5396
5069.5	1.5396
5091.5	1.5347
5113.5	1.5396
5135.5	1.5347
5157.5	1.5347
5179.5	1.5396
5201.5	1.5347
5223.5	1.5347
5245.5	1.5347
5272.5	1.5347
5294.5	1.5347
5316.5	1.5396
5338.5	1.5347
5360.5	1.5298
5383.5	1.5298
5405.5	1.5347
5427.5	1.5298
5449.5	1.5298
5471.5	1.5347
5493.5	1.5298
5515.5	1.5298
5537.5	1.5298
5559.5	1.5298
5581.5	1.5298
5603.5	1.5347
5625.5	1.5298
5647.5	1.5298
5669.5	1.5298
5691.5	1.5298
5713.5	1.5298
5735.5	1.5298
5757.5	1.5298
5784.5	1.5298
5806.5	1.5298
5828.5	1.5298
5850.5	1.5298
5872.5	1.5298
5895.5	1.5298
5917.5	1.5298
5939.5	1.5298
5961.5	1.5298
5983.5	1.5298
6005.5	1.5298
6027.5	1.5298
6049.5	1.5298
6071.5	1.5298
6093.5	1.5298
6115.5	1.5298
6137.5	1.5298
6159.5	1.5298
6181.5	1.5298
6203.5	1.5298
6225.5	1.5298
6247.5	1.5298
6269.5	1.5298
6296.5	1.5298
6318.5	1.5298
6340.5	1.5298
6362.5	1.5298
6384.5	1.5298
6407.5	1.5298
6429.5	1.5298
6451.5	1.5298
6473.5	1.5298
6495.5	1.5298
6517.5	1.5298
6539.5	1.5298
6561.5	1.5249
6583.5	1.5298
6605.5	1.5249
6627.5	1.5298
6649.5	1.5249
6671.5	1.5249
6693.5	1.5249
6715.5	1.5249
6737.5	1.5249
6759.5	1.5298
6781.5	1.5249
6808.5	1.5249
6830.5	1.5249
6852.5	1.5249
6874.5	1.5249
6896.5	1.5249
6919.5	1.5249
6941.5	1.5249
6963.5	1.5249
6985.5	1.5249
7007.5	1.5249
7029.5	1.5249
7051.5	1.5249
7073.5	1.5249
7095.5	1.5249
7117.5	1.5249
7139.5	1.5249
7161.5	1.5249
7183.5	1.5249
7205.5	1.5249
7227.5	1.5249
7249.5	1.5249
7271.5	1.5249
7293.5	1.5249
7320.5	1.5249
7342.5	1.5249
7364.5	1.5249
7386.5	1.5249
7408.5	1.5249
7431.5	1.5249
7453.5	1.5249
7475.5	1.5249
7497.5	1.5249
7519.5	1.5249
7541.5	1.5249
7563.5	1.5249
7585.5	1.5249
7607.5	1.5249
7629.5	1.5249
7651.5	1.5249
7673.5	1.5249
7695.5	1.5249
7717.5	1.5249
7739.5	1.5249
7761.5	1.5249
7783.5	1.5249
7805.5	1.5249
7832.5	1.5249
7854.5	1.5249
7876.5	1.5249
7898.5	1.5249
7920.5	1.5249
7943.5	1.5249
7965.5	1.5249
7987.5	1.5249
8009.5	1.5249
8031.5	1.5249
8053.5	1.5249
8075.5	1.5249
8097.5	1.5249
8119.5	1.5249
8141.5	1.5249
8163.5	1.5249
8185.5	1.5249
8207.5	1.5249
8229.5	1.5249
8251.5	1.5249
8273.5	1.5249
8295.5	1.5249
8317.5	1.5249
8344.5	1.5249
8366.5	1.5249
8388.5	1.5249
8410.5	1.5249
8432.5	1.5249
8455.5	1.5249
8477.5	1.5249
8499.5	1.5249
8521.5	1.5249
8543.5	1.5249
8565.5	1.5249
8587.5	1.5249
8609.5	1.5249
8631.5	1.5249
8653.5	1.5249
8675.5	1.5249
8697.5	1.5249
8719.5	1.5249
8741.5	1.5249
8763.5	1.5249
8785.5	1.5249
8807.5	1.5249
8829.5	1.5249
8856.5	1.5249
8878.5	1.5249
8900.5	1.5249
8922.5	1.5249
8944.5	1.5249
8967.5	1.5249
8989.5	1.5249
9011.5	1.5200
9033.5	1.5200
9055.5	1.5249
9077.5	1.5200
9099.5	1.5249
9121.5	1.5249
9143.5	1.5200
9165.5	1.5200
9187.5	1.5200
9209.5	1.5200
9231.5	1.5200
9253.5	1.5200
9275.5	1.5200
9297.5	1.5200
9319.5	1.5200
9341.5	1.5200
9368.5	1.5200
9390.5	1.5200
9412.5	1.5200
9434.5	1.5200
9456.5	1.5200
9479.5	1.5200
9501.5	1.5200
9523.5	1.5200
9545.5	1.5200
9567.5	1.5200
9589.5	1.5200
9611.5	1.5200
9633.5	1.5200
9655.5	1.5200
9677.5	1.5200
9699.5	1.5200
9721.5	1.5200
9743.5	1.5200
9765.5	1.5200
9787.5	1.5200
9809.5	1.5200
9831.5	1.5200
9853.5	1.5200
9880.5	1.5152
9902.5	1.5152
9924.5	1.5200
9946.5	1.5152
9968.5	1.5200
9991.5	1.5200
10013.5	1.5200
10035.5	1.5152
10057.5	1.5152
10079.5	1.5152
10101.5	1.5152
10123.5	1.5200
10145.5	1.5200
10167.5	1.5152
10189.5	1.5152
10211.5	1.5152
10233.5	1.5152
10255.5	1.5152
10277.5	1.5152
10299.5	1.5152
10321.5	1.5152
10343.5	1.5152
10365.5	1.5152
10392.5	1.5200
10414.5	1.5152
10436.5	1.5152
10458.5	1.5152
10480.5	1.5152
10503.5	1.5152
10525.5	1.5152
10547.5	1.5200
10569.5	1.5152
10591.5	1.5152
10613.5	1.5152
10635.5	1.5152
10657.5	1.5152
10679.5	1.5152
10701.5	1.5152
10723.5	1.5152
10745.5	1.5152
10767.5	1.5152
10789.5	1.5152
10811.5	1.5152
10833.5	1.5152
10855.5	1.5152
10877.5	1.5152
10904.5	1.5152
10926.5	1.5152
10948.5	1.5152
10970.5	1.5152
10992.5	1.5152
11015.5	1.5152
11037.5	1.5152
11059.5	1.5152
11081.5	1.5152
11103.5	1.5152
11125.5	1.5152
