79.5	2.9814
101.5	2.9814
123.5	2.9814
150.5	2.9814
172.5	2.9814
194.5	2.9863
216.5	2.9814
238.5	2.9814
263.5	2.9814
285.5	2.9814
307.5	2.9765
329.5	2.9814
351.5	2.9814
373.5	2.9814
395.5	2.9814
417.5	2.9814
439.5	2.9814
461.5	2.9765
483.5	2.9814
505.5	2.9814
527.5	2.9814
549.5	2.9814
571.5	2.9814
593.5	2.9814
615.5	2.9814
637.5	2.9814
663.5	2.9814
685.5	2.9765
707.5	2.9814
729.5	2.9814
751.5	2.9765
775.5	2.9814
797.5	2.9814
819.5	2.9814
841.5	2.9814
863.5	2.9765
885.5	2.9814
907.0	2.9814
928.5	2.9814
950.5	2.9765
972.5	2.9814
994.5	2.9765
1016.5	2.9814
1038.5	2.9814
1060.5	2.9765
1082.5	2.9765
1104.5	2.9765
1126.5	2.9765
1148.5	2.9814
1175.5	2.9765
1197.5	2.9765
1219.5	2.9814
1241.5	2.9765
1263.5	2.9814
1287.5	2.9765
1309.5	2.9765
1331.5	2.9765
1353.5	2.9765
1375.5	2.9814
1397.5	2.9765
1419.5	2.9765
1441.5	2.9765
1463.5	2.9765
1485.5	2.9765
1507.5	2.9765
1529.5	2.9814
1551.5	2.9765
1573.5	2.9765
1595.5	2.9765
1617.5	2.9765
1639.5	2.9765
1661.5	2.9765
1688.5	2.9765
1710.5	2.9765
1732.5	2.9765
1754.5	2.9765
1776.5	2.9765
1799.5	2.9765
1821.5	2.9765
1843.5	2.9765
1865.5	2.9765
1887.5	2.9765
1909.5	2.9765
1931.5	2.9765
1953.5	2.9765
1975.5	2.9765
1997.5	2.9765
2019.5	2.9765
2041.5	2.9765
2063.0	2.9765
2084.5	2.9765
2106.5	2.9765
2128.5	2.9765
2150.5	2.9765
2172.5	2.9765
2198.0	2.9765
2219.5	2.9814
2241.5	2.9765
2263.5	2.9765
2285.5	2.9765
2311.0	2.9765
2332.5	2.9765
2354.5	2.9765
2376.5	2.9765
2398.5	2.9765
2420.5	2.9765
2442.5	2.9765
2464.5	2.9765
2486.5	2.9765
2508.5	2.9765
2530.5	2.9765
2552.5	2.9765
2574.5	2.9765
2596.5	2.9765
2618.5	2.9765
2640.5	2.9765
2662.5	2.9765
2684.5	2.9765
2710.5	2.9765
2732.5	2.9765
2754.5	2.9765
2776.5	2.9765
2798.5	2.9765
2823.5	2.9765
2845.5	2.9765
2867.5	2.9765
2889.5	2.9765
2911.5	2.9765
2933.5	2.9765
2955.5	2.9765
2977.5	2.9765
2999.5	2.9765
3021.5	2.9765
3043.5	2.9765
3065.5	2.9765
3087.5	2.9765
3109.5	2.9765
3131.5	2.9765
3153.5	2.9765
3175.5	2.9765
3197.5	2.9765
3223.5	2.9765
3245.5	2.9765
3267.5	2.9765
3289.5	2.9765
3311.5	2.9765
3335.5	2.9765
3357.5	2.9765
3379.5	2.9765
3401.5	2.9765
3423.5	2.9765
3445.5	2.9765
3467.0	2.9765
3488.5	2.9765
3510.5	2.9765
3532.5	2.9765
3554.5	2.9765
3576.5	2.9765
3598.5	2.9765
3620.5	2.9765
3642.5	2.9765
3664.5	2.9765
3686.5	2.9765
3708.5	2.9765
3735.5	2.9765
3757.5	2.9765
3779.5	2.9765
3801.5	2.9765
3823.5	2.9765
3847.5	2.9765
3869.5	2.9765
3891.5	2.9765
3913.5	2.9765
3935.5	2.9765
3957.5	2.9765
3979.5	2.9765
4001.5	2.9765
4023.5	2.9765
4045.5	2.9765
4067.5	2.9765
4089.5	2.9765
4111.5	2.9765
4133.5	2.9765
4155.5	2.9765
4177.5	2.9765
4199.5	2.9765
4221.5	2.9765
4248.5	2.9765
4270.5	2.9765
4292.5	2.9765
4314.5	2.9765
4336.5	2.9765
4359.5	2.9765
4381.5	2.9765
4403.5	2.9765
4425.5	2.9765
4447.5	2.9765
4469.5	2.9765
4491.5	2.9765
4513.5	2.9765
4535.5	2.9765
4557.5	2.9765
4579.5	2.9765
4601.5	2.9765
4623.0	2.9765
4644.5	2.9765
4666.5	2.9765
4688.5	2.9765
4710.5	2.9765
4732.5	2.9765
4758.0	2.9765
4779.5	2.9765
4801.5	2.9765
4823.5	2.9765
4845.5	2.9765
4871.0	2.9765
4892.5	2.9765
4914.5	2.9765
4936.5	2.9765
4958.5	2.9765
4980.5	2.9765
5002.5	2.9765
5024.5	2.9765
5046.5	2.9765
5068.5	2.9765
5090.5	2.9765
5112.5	2.9765
5134.5	2.9765
5156.5	2.9765
5178.5	2.9765
5200.5	2.9765
5222.5	2.9765
5244.5	2.9765
5270.5	2.9765
5292.5	2.9765
5314.5	2.9765
5336.5	2.9765
5358.5	2.9765
5383.5	2.9765
5405.5	2.9765
5427.5	2.9765
5449.5	2.9765
5471.5	2.9765
5493.5	2.9765
5515.5	2.9765
5537.5	2.9765
5559.5	2.9765
5581.5	2.9765
5603.5	2.9765
5625.5	2.9765
5647.5	2.9765
5669.5	2.9765
5691.5	2.9765
5713.5	2.9717
5735.5	2.9765
5757.5	2.9765
5783.5	2.9765
5805.5	2.9765
5827.5	2.9765
5849.5	2.9765
5871.5	2.9765
5895.5	2.9717
5917.5	2.9765
5939.5	2.9765
5961.5	2.9765
5983.5	2.9765
6005.5	2.9765
6027.0	2.9765
6048.5	2.9717
6070.5	2.9765
6092.5	2.9717
6114.5	2.9765
6136.5	2.9765
6158.5	2.9717
6180.5	2.9765
6202.5	2.9717
6224.5	2.9765
6246.5	2.9717
6268.5	2.9717
6295.5	2.9765
6317.5	2.9765
6339.5	2.9717
6361.5	2.9765
6383.5	2.9717
6407.5	2.9717
6429.5	2.9717
6451.5	2.9765
6473.5	2.9765
6495.5	2.9717
6517.5	2.9717
6539.5	2.9765
6561.5	2.9717
6583.5	2.9717
6605.5	2.9717
6627.5	2.9717
6649.5	2.9765
6671.5	2.9717
6693.5	2.9717
6715.5	2.9717
6737.5	2.9717
6759.5	2.9717
6781.5	2.9765
6808.5	2.9717
6830.5	2.9765
6852.5	2.9765
6874.5	2.9717
6896.5	2.9765
6919.5	2.9717
6941.5	2.9717
6963.5	2.9717
6985.5	2.9765
7007.5	2.9765
7029.5	2.9717
7051.5	2.9717
7073.5	2.9717
7095.5	2.9717
7117.5	2.9717
7139.5	2.9765
7161.5	2.9717
7183.0	2.9717
7204.5	2.9717
7226.5	2.9717
7248.5	2.9717
7270.5	2.9717
7292.5	2.9717
7318.0	2.9765
7339.5	2.9717
7361.5	2.9765
7383.5	2.9717
7405.5	2.9717
7431.0	2.9717
7452.5	2.9717
7474.5	2.9765
7496.5	2.9717
7518.5	2.9717
7540.5	2.9717
7562.5	2.9717
7584.5	2.9717
7606.5	2.9717
7628.5	2.9717
7650.5	2.9765
7672.5	2.9717
7694.5	2.9717
7716.5	2.9717
7738.5	2.9717
7760.5	2.9717
7782.5	2.9717
7804.5	2.9717
7830.5	2.9765
7852.5	2.9717
7874.5	2.9717
7896.5	2.9717
7918.5	2.9717
7943.5	2.9717
7965.5	2.9717
7987.5	2.9717
8009.5	2.9717
8031.5	2.9717
8053.5	2.9717
8075.5	2.9717
8097.5	2.9717
8119.5	2.9717
8141.5	2.9717
8163.5	2.9717
8185.5	2.9717
8207.5	2.9717
8229.5	2.9717
8251.5	2.9717
8273.5	2.9765
8295.5	2.9717
8317.5	2.9717
8343.5	2.9717
8365.5	2.9717
8387.5	2.9717
8409.5	2.9717
8431.5	2.9717
8455.5	2.9717
8477.5	2.9717
8499.5	2.9717
8521.5	2.9717
8543.5	2.9717
8565.5	2.9717
8587.0	2.9717
8608.5	2.9717
8630.5	2.9717
8652.5	2.9717
8674.5	2.9765
8696.5	2.9717
8718.5	2.9717
8740.5	2.9717
8762.5	2.9717
8784.5	2.9717
8806.5	2.9717
8828.5	2.9717
8855.5	2.9717
8877.5	2.9717
8899.5	2.9717
8921.5	2.9717
8943.5	2.9717
8967.5	2.9717
8989.5	2.9717
9011.5	2.9717
9033.5	2.9717
9055.5	2.9717
9077.5	2.9717
9099.5	2.9717
9121.5	2.9717
9143.5	2.9717
9165.5	2.9717
9187.5	2.9717
9209.5	2.9717
9231.5	2.9717
9253.5	2.9717
9275.5	2.9717
9297.5	2.9717
9319.5	2.9717
9341.5	2.9717
9368.5	2.9717
9390.5	2.9717
9412.5	2.9717
9434.5	2.9717
9456.5	2.9717
9479.5	2.9717
9501.5	2.9717
9523.5	2.9717
9545.5	2.9717
9567.5	2.9717
9589.5	2.9717
9611.5	2.9765
9633.5	2.9717
9655.5	2.9717
9677.5	2.9717
9699.5	2.9765
9721.5	2.9717
9743.0	2.9717
9764.5	2.9717
9786.5	2.9717
9808.5	2.9717
9830.5	2.9717
9852.5	2.9717
9878.0	2.9717
9899.5	2.9717
9921.5	2.9717
9943.5	2.9717
9965.5	2.9717
9991.0	2.9717
10012.5	2.9717
10034.5	2.9717
10056.5	2.9717
10078.5	2.9717
10100.5	2.9717
10122.5	2.9717
10144.5	2.9717
10166.5	2.9717
10188.5	2.9717
10210.5	2.9717
10232.5	2.9717
10254.5	2.9717
10276.5	2.9717
10298.5	2.9717
10320.5	2.9717
10342.5	2.9717
10364.5	2.9717
10390.5	2.9717
10412.5	2.9717
10434.5	2.9717
10456.5	2.9717
10478.5	2.9717
10503.5	2.9717
10525.5	2.9717
10547.5	2.9717
10569.5	2.9717
10591.5	2.9717
10613.5	2.9717
10635.5	2.9717
10657.5	2.9717
10679.5	2.9717
10701.5	2.9717
10723.5	2.9717
10745.5	2.9717
10767.5	2.9717
10789.5	2.9717
10811.5	2.9717
10833.5	2.9717
10855.5	2.9717
10877.5	2.9717
10903.5	2.9717
10925.5	2.9717
10947.5	2.9717
10969.5	2.9717
10991.5	2.9717
11015.5	2.9717
11037.5	2.9717
11059.5	2.9717
11081.5	2.9717
11103.5	2.9717
11125.5	2.9717
