79.5	2.8446
101.5	2.8446
123.5	2.8446
150.5	2.8446
172.5	2.8446
194.5	2.8446
216.5	2.8446
238.5	2.8446
263.5	2.8446
285.5	2.8397
307.5	2.8446
329.5	2.8446
351.5	2.8446
373.5	2.8397
395.5	2.8446
417.5	2.8397
439.5	2.8446
461.5	2.8446
483.5	2.8446
505.5	2.8397
527.5	2.8446
549.5	2.8446
571.5	2.8397
593.5	2.8446
615.5	2.8397
637.5	2.8446
663.5	2.8397
685.5	2.8446
707.5	2.8397
729.5	2.8397
751.5	2.8397
775.5	2.8446
797.5	2.8446
819.5	2.8446
841.5	2.8446
863.5	2.8397
885.5	2.8446
907.0	2.8397
928.5	2.8446
950.5	2.8446
972.5	2.8446
994.5	2.8397
1016.5	2.8397
1038.5	2.8446
1060.5	2.8446
1082.5	2.8446
1104.5	2.8397
1126.5	2.8446
1148.5	2.8446
1175.5	2.8446
1197.5	2.8397
1219.5	2.8397
1241.5	2.8446
1263.5	2.8446
1287.5	2.8397
1309.5	2.8446
1331.5	2.8446
1353.5	2.8397
1375.5	2.8397
1397.5	2.8446
1419.5	2.8397
1441.5	2.8446
1463.5	2.8446
1485.5	2.8397
1507.5	2.8446
1529.5	2.8397
1551.5	2.8397
1573.5	2.8397
1595.5	2.8446
1617.5	2.8446
1639.5	2.8397
1661.5	2.8397
1688.5	2.8397
1710.5	2.8397
1732.5	2.8397
1754.5	2.8446
1776.5	2.8397
1799.5	2.8446
1821.5	2.8446
1843.5	2.8397
1865.5	2.8397
1887.5	2.8446
1909.5	2.8397
1931.5	2.8397
1953.5	2.8446
1975.5	2.8397
1997.5	2.8397
2019.5	2.8397
2041.5	2.8397
2063.0	2.8397
2084.5	2.8446
2106.5	2.8446
2128.5	2.8397
2150.5	2.8397
2172.5	2.8397
2198.0	2.8397
2219.5	2.8397
2241.5	2.8446
2263.5	2.8446
2285.5	2.8397
2311.0	2.8446
2332.5	2.8397
2354.5	2.8446
2376.5	2.8397
2398.5	2.8397
2420.5	2.8397
2442.5	2.8397
2464.5	2.8446
2486.5	2.8446
2508.5	2.8446
2530.5	2.8397
2552.5	2.8397
2574.5	2.8397
2596.5	2.8397
2618.5	2.8446
2640.5	2.8446
2662.5	2.8397
2684.5	2.8446
2710.5	2.8397
2732.5	2.8397
2754.5	2.8397
2776.5	2.8397
2798.5	2.8446
2823.5	2.8446
2845.5	2.8397
2867.5	2.8397
2889.5	2.8397
2911.5	2.8397
2933.5	2.8397
2955.5	2.8446
2977.5	2.8446
2999.5	2.8397
3021.5	2.8446
3043.5	2.8397
3065.5	2.8397
3087.5	2.8397
3109.5	2.8446
3131.5	2.8397
3153.5	2.8397
3175.5	2.8446
3197.5	2.8446
3223.5	2.8397
3245.5	2.8397
3267.5	2.8397
3289.5	2.8397
3311.5	2.8446
3335.5	2.8446
3357.5	2.8397
3379.5	2.8397
3401.5	2.8397
3423.5	2.8397
3445.5	2.8397
3467.0	2.8397
3488.5	2.8446
3510.5	2.8397
3532.5	2.8397
3554.5	2.8446
3576.5	2.8397
3598.5	2.8397
3620.5	2.8446
3642.5	2.8446
3664.5	2.8397
3686.5	2.8397
3708.5	2.8446
3735.5	2.8397
3757.5	2.8397
3779.5	2.8397
3801.5	2.8397
3823.5	2.8446
3847.5	2.8446
3869.5	2.8397
3891.5	2.8397
3913.5	2.8397
3935.5	2.8397
3957.5	2.8397
3979.5	2.8446
4001.5	2.8446
4023.5	2.8397
4045.5	2.8397
4067.5	2.8397
4089.5	2.8397
4111.5	2.8397
4133.5	2.8446
4155.5	2.8397
4177.5	2.8397
4199.5	2.8397
4221.5	2.8397
4248.5	2.8397
4270.5	2.8397
4292.5	2.8446
4314.5	2.8397
4336.5	2.8446
4359.5	2.8446
4381.5	2.8446
4403.5	2.8397
4425.5	2.8446
4447.5	2.8446
4469.5	2.8446
4491.5	2.8446
4513.5	2.8446
4535.5	2.8446
4557.5	2.8446
4579.5	2.8446
4601.5	2.8446
4623.0	2.8446
4644.5	2.8446
4666.5	2.8446
4688.5	2.8446
4710.5	2.8446
4732.5	2.8446
4758.0	2.8446
4779.5	2.8446
4801.5	2.8397
4823.5	2.8446
4845.5	2.8446
4871.0	2.8397
4892.5	2.8446
4914.5	2.8446
4936.5	2.8446
4958.5	2.8397
4980.5	2.8446
5002.5	2.8446
5024.5	2.8446
5046.5	2.8446
5068.5	2.8397
5090.5	2.8446
5112.5	2.8397
5134.5	2.8446
5156.5	2.8446
5178.5	2.8446
5200.5	2.8446
5222.5	2.8446
5244.5	2.8446
5270.5	2.8446
5292.5	2.8446
5314.5	2.8446
5336.5	2.8446
5358.5	2.8446
5383.5	2.8446
5405.5	2.8446
5427.5	2.8446
5449.5	2.8446
5471.5	2.8397
5493.5	2.8446
5515.5	2.8446
5537.5	2.8446
5559.5	2.8397
5581.5	2.8446
5603.5	2.8397
5625.5	2.8397
5647.5	2.8397
5669.5	2.8446
5691.5	2.8446
5713.5	2.8446
5735.5	2.8446
5757.5	2.8446
5783.5	2.8446
5805.5	2.8397
5827.5	2.8446
5849.5	2.8397
5871.5	2.8446
5895.5	2.8446
5917.5	2.8446
5939.5	2.8446
5961.5	2.8397
5983.5	2.8397
6005.5	2.8446
6027.0	2.8446
6048.5	2.8446
6070.5	2.8397
6092.5	2.8397
6114.5	2.8397
6136.5	2.8397
6158.5	2.8446
6180.5	2.8446
6202.5	2.8397
6224.5	2.8446
6246.5	2.8446
6268.5	2.8446
6295.5	2.8446
6317.5	2.8446
6339.5	2.8446
6361.5	2.8446
6383.5	2.8446
6407.5	2.8446
6429.5	2.8446
6451.5	2.8446
6473.5	2.8446
6495.5	2.8446
6517.5	2.8397
6539.5	2.8446
6561.5	2.8397
6583.5	2.8446
6605.5	2.8446
6627.5	2.8446
6649.5	2.8397
6671.5	2.8397
6693.5	2.8446
6715.5	2.8446
6737.5	2.8446
6759.5	2.8446
6781.5	2.8446
6808.5	2.8397
6830.5	2.8446
6852.5	2.8397
6874.5	2.8397
6896.5	2.8446
6919.5	2.8397
6941.5	2.8446
6963.5	2.8397
6985.5	2.8397
7007.5	2.8446
7029.5	2.8397
7051.5	2.8446
7073.5	2.8446
7095.5	2.8446
7117.5	2.8397
7139.5	2.8446
7161.5	2.8397
7183.0	2.8446
7204.5	2.8446
7226.5	2.8446
7248.5	2.8446
7270.5	2.8446
7292.5	2.8446
7318.0	2.8446
7339.5	2.8397
7361.5	2.8446
7383.5	2.8446
7405.5	2.8446
7431.0	2.8446
7452.5	2.8446
7474.5	2.8397
7496.5	2.8446
7518.5	2.8446
7540.5	2.8446
7562.5	2.8446
7584.5	2.8446
7606.5	2.8397
7628.5	2.8397
7650.5	2.8397
7672.5	2.8446
7694.5	2.8397
7716.5	2.8446
7738.5	2.8446
7760.5	2.8446
7782.5	2.8397
7804.5	2.8446
7830.5	2.8397
7852.5	2.8446
7874.5	2.8446
7896.5	2.8446
7918.5	2.8446
7943.5	2.8446
7965.5	2.8446
7987.5	2.8446
8009.5	2.8446
8031.5	2.8397
8053.5	2.8446
8075.5	2.8446
8097.5	2.8397
8119.5	2.8397
8141.5	2.8446
8163.5	2.8446
8185.5	2.8397
8207.5	2.8446
8229.5	2.8446
8251.5	2.8446
8273.5	2.8397
8295.5	2.8446
8317.5	2.8446
8343.5	2.8446
8365.5	2.8446
8387.5	2.8397
8409.5	2.8446
8431.5	2.8446
8455.5	2.8397
8477.5	2.8446
8499.5	2.8446
8521.5	2.8446
8543.5	2.8397
8565.5	2.8446
8587.0	2.8446
8608.5	2.8397
8630.5	2.8446
8652.5	2.8446
8674.5	2.8397
8696.5	2.8397
8718.5	2.8446
8740.5	2.8446
8762.5	2.8397
8784.5	2.8446
8806.5	2.8397
8828.5	2.8446
8855.5	2.8446
8877.5	2.8397
8899.5	2.8446
8921.5	2.8446
8943.5	2.8446
8967.5	2.8446
8989.5	2.8446
9011.5	2.8397
9033.5	2.8397
9055.5	2.8446
9077.5	2.8446
9099.5	2.8397
9121.5	2.8446
9143.5	2.8397
9165.5	2.8397
9187.5	2.8397
9209.5	2.8446
9231.5	2.8397
9253.5	2.8446
9275.5	2.8397
9297.5	2.8446
9319.5	2.8397
9341.5	2.8446
9368.5	2.8446
9390.5	2.8446
9412.5	2.8397
9434.5	2.8446
9456.5	2.8446
9479.5	2.8397
9501.5	2.8446
9523.5	2.8446
9545.5	2.8397
9567.5	2.8397
9589.5	2.8446
9611.5	2.8397
9633.5	2.8397
9655.5	2.8397
9677.5	2.8397
9699.5	2.8446
9721.5	2.8397
9743.0	2.8446
9764.5	2.8446
9786.5	2.8446
9808.5	2.8446
9830.5	2.8397
9852.5	2.8446
9878.0	2.8397
9899.5	2.8397
9921.5	2.8446
9943.5	2.8397
9965.5	2.8397
9991.0	2.8397
10012.5	2.8397
10034.5	2.8397
10056.5	2.8397
10078.5	2.8446
10100.5	2.8397
10122.5	2.8397
10144.5	2.8397
10166.5	2.8397
10188.5	2.8397
10210.5	2.8397
10232.5	2.8397
10254.5	2.8397
10276.5	2.8397
10298.5	2.8397
10320.5	2.8397
10342.5	2.8397
10364.5	2.8397
10390.5	2.8397
10412.5	2.8397
10434.5	2.8446
10456.5	2.8397
10478.5	2.8397
10503.5	2.8397
10525.5	2.8397
10547.5	2.8397
10569.5	2.8397
10591.5	2.8397
10613.5	2.8446
10635.5	2.8397
10657.5	2.8397
10679.5	2.8397
10701.5	2.8397
10723.5	2.8397
10745.5	2.8397
10767.5	2.8446
10789.5	2.8397
10811.5	2.8397
10833.5	2.8397
10855.5	2.8397
10877.5	2.8397
10903.5	2.8397
10925.5	2.8397
10947.5	2.8446
10969.5	2.8397
10991.5	2.8397
11015.5	2.8397
11037.5	2.8397
11059.5	2.8397
11081.5	2.8397
11103.5	2.8446
11125.5	2.8397
