79.5	2.9912
101.5	2.9912
123.5	2.9912
150.5	2.9912
172.5	2.9912
194.5	2.9912
216.5	2.9912
238.5	2.9912
263.5	2.9912
285.5	2.9912
307.5	2.9912
329.5	2.9912
351.5	2.9912
373.5	2.9912
395.5	2.9912
417.5	2.9912
439.5	2.9912
461.5	2.9912
483.5	2.9912
505.5	2.9912
527.5	2.9912
549.5	2.9912
571.5	2.9912
593.5	2.9912
615.5	2.9912
637.5	2.9912
663.5	2.9912
685.5	2.9912
707.5	2.9912
729.5	2.9912
751.5	2.9912
775.5	2.9912
797.5	2.9912
819.5	2.9912
841.5	2.9912
863.5	2.9912
885.5	2.9912
907.0	2.9912
928.5	2.9912
950.5	2.9912
972.5	2.9912
994.5	2.9912
1016.5	2.9912
1038.5	2.9912
1060.5	2.9912
1082.5	2.9912
1104.5	2.9912
1126.5	2.9912
1148.5	2.9912
1175.5	2.9912
1197.5	2.9912
1219.5	2.9912
1241.5	2.9912
1263.5	2.9912
1287.5	2.9912
1309.5	2.9912
1331.5	2.9912
1353.5	2.9912
1375.5	2.9912
1397.5	2.9912
1419.5	2.9912
1441.5	2.9912
1463.5	2.9912
1485.5	2.9912
1507.5	2.9912
1529.5	2.9912
1551.5	2.9912
1573.5	2.9912
1595.5	2.9912
1617.5	2.9912
1639.5	2.9912
1661.5	2.9912
1688.5	2.9912
1710.5	2.9912
1732.5	2.9912
1754.5	2.9912
1776.5	2.9912
1799.5	2.9912
1821.5	2.9912
1843.5	2.9912
1865.5	2.9912
1887.5	2.9912
1909.5	2.9912
1931.5	2.9912
1953.5	2.9912
1975.5	2.9912
1997.5	2.9912
2019.5	2.9912
2041.5	2.9912
2063.0	2.9912
2084.5	2.9912
2106.5	2.9912
2128.5	2.9912
2150.5	2.9912
2172.5	2.9912
2198.0	2.9912
2219.5	2.9912
2241.5	2.9912
2263.5	2.9912
2285.5	2.9912
2311.0	2.9912
2332.5	2.9912
2354.5	2.9912
2376.5	2.9912
2398.5	2.9912
2420.5	2.9912
2442.5	2.9912
2464.5	2.9912
2486.5	2.9912
2508.5	2.9912
2530.5	2.9912
2552.5	2.9912
2574.5	2.9912
2596.5	2.9912
2618.5	2.9912
2640.5	2.9912
2662.5	2.9912
2684.5	2.9912
2710.5	2.9912
2732.5	2.9912
2754.5	2.9912
2776.5	2.9912
2798.5	2.9912
2823.5	2.9912
2845.5	2.9912
2867.5	2.9912
2889.5	2.9912
2911.5	2.9912
2933.5	2.9912
2955.5	2.9912
2977.5	2.9912
2999.5	2.9912
3021.5	2.9912
3043.5	2.9912
3065.5	2.9912
3087.5	2.9912
3109.5	2.9912
3131.5	2.9912
3153.5	2.9912
3175.5	2.9912
3197.5	2.9912
3223.5	2.9912
3245.5	2.9912
3267.5	2.9912
3289.5	2.9912
3311.5	2.9912
3335.5	2.9912
3357.5	2.9912
3379.5	2.9912
3401.5	2.9912
3423.5	2.9912
3445.5	2.9912
3467.0	2.9912
3488.5	2.9912
3510.5	2.9912
3532.5	2.9912
3554.5	2.9912
3576.5	2.9912
3598.5	2.9912
3620.5	2.9863
3642.5	2.9912
3664.5	2.9912
3686.5	2.9912
3708.5	2.9912
3735.5	2.9912
3757.5	2.9912
3779.5	2.9912
3801.5	2.9912
3823.5	2.9912
3847.5	2.9912
3869.5	2.9912
3891.5	2.9912
3913.5	2.9912
3935.5	2.9912
3957.5	2.9912
3979.5	2.9912
4001.5	2.9912
4023.5	2.9912
4045.5	2.9912
4067.5	2.9912
4089.5	2.9863
4111.5	2.9912
4133.5	2.9863
4155.5	2.9912
4177.5	2.9912
4199.5	2.9912
4221.5	2.9912
4248.5	2.9912
4270.5	2.9912
4292.5	2.9912
4314.5	2.9912
4336.5	2.9912
4359.5	2.9912
4381.5	2.9912
4403.5	2.9912
4425.5	2.9912
4447.5	2.9912
4469.5	2.9912
4491.5	2.9912
4513.5	2.9912
4535.5	2.9912
4557.5	2.9912
4579.5	2.9912
4601.5	2.9912
4623.0	2.9912
4644.5	2.9912
4666.5	2.9912
4688.5	2.9961
4710.5	2.9912
4732.5	2.9912
4758.0	2.9912
4779.5	2.9912
4801.5	2.9912
4823.5	2.9912
4845.5	2.9912
4871.0	2.9912
4892.5	2.9912
4914.5	2.9912
4936.5	2.9912
4958.5	2.9912
4980.5	2.9912
5002.5	2.9912
5024.5	2.9912
5046.5	2.9912
5068.5	2.9912
5090.5	2.9912
5112.5	2.9912
5134.5	2.9912
5156.5	2.9912
5178.5	2.9912
5200.5	2.9912
5222.5	2.9912
5244.5	2.9912
5270.5	2.9912
5292.5	2.9912
5314.5	2.9912
5336.5	2.9912
5358.5	2.9912
5383.5	2.9912
5405.5	2.9912
5427.5	2.9912
5449.5	2.9912
5471.5	2.9912
5493.5	2.9912
5515.5	2.9912
5537.5	2.9912
5559.5	2.9912
5581.5	2.9912
5603.5	2.9912
5625.5	2.9912
5647.5	2.9912
5669.5	2.9912
5691.5	2.9912
5713.5	2.9912
5735.5	2.9912
5757.5	2.9912
5783.5	2.9912
5805.5	2.9912
5827.5	2.9912
5849.5	2.9912
5871.5	2.9912
5895.5	2.9912
5917.5	2.9912
5939.5	2.9912
5961.5	2.9912
5983.5	2.9912
6005.5	2.9912
6027.0	2.9912
6048.5	2.9912
6070.5	2.9912
6092.5	2.9912
6114.5	2.9912
6136.5	2.9912
6158.5	2.9912
6180.5	2.9912
6202.5	2.9912
6224.5	2.9912
6246.5	2.9912
6268.5	2.9912
6295.5	2.9912
6317.5	2.9912
6339.5	2.9912
6361.5	2.9912
6383.5	2.9912
6407.5	2.9912
6429.5	2.9912
6451.5	2.9912
6473.5	2.9912
6495.5	2.9912
6517.5	2.9912
6539.5	2.9912
6561.5	2.9912
6583.5	2.9912
6605.5	2.9912
6627.5	2.9912
6649.5	2.9912
6671.5	2.9912
6693.5	2.9912
6715.5	2.9912
6737.5	2.9912
6759.5	2.9912
6781.5	2.9912
6808.5	2.9912
6830.5	2.9912
6852.5	2.9912
6874.5	2.9912
6896.5	2.9912
6919.5	2.9912
6941.5	2.9912
6963.5	2.9912
6985.5	2.9912
7007.5	2.9912
7029.5	2.9912
7051.5	2.9912
7073.5	2.9912
7095.5	2.9912
7117.5	2.9912
7139.5	2.9912
7161.5	2.9912
7183.0	2.9912
7204.5	2.9912
7226.5	2.9912
7248.5	2.9912
7270.5	2.9912
7292.5	2.9912
7318.0	2.9912
7339.5	2.9912
7361.5	2.9912
7383.5	2.9912
7405.5	2.9912
7431.0	2.9912
7452.5	2.9912
7474.5	2.9912
7496.5	2.9912
7518.5	2.9912
7540.5	2.9912
7562.5	2.9912
7584.5	2.9912
7606.5	2.9912
7628.5	2.9912
7650.5	2.9912
7672.5	2.9912
7694.5	2.9912
7716.5	2.9912
7738.5	2.9912
7760.5	2.9912
7782.5	2.9912
7804.5	2.9912
7830.5	2.9912
7852.5	2.9912
7874.5	2.9912
7896.5	2.9912
7918.5	2.9912
7943.5	2.9912
7965.5	2.9912
7987.5	2.9912
8009.5	2.9912
8031.5	2.9912
8053.5	2.9912
8075.5	2.9912
8097.5	2.9912
8119.5	2.9912
8141.5	2.9912
8163.5	2.9912
8185.5	2.9912
8207.5	2.9912
8229.5	2.9912
8251.5	2.9912
8273.5	2.9912
8295.5	2.9912
8317.5	2.9912
8343.5	2.9912
8365.5	2.9912
8387.5	2.9912
8409.5	2.9912
8431.5	2.9912
8455.5	2.9912
8477.5	2.9912
8499.5	2.9912
8521.5	2.9912
8543.5	2.9912
8565.5	2.9912
8587.0	2.9912
8608.5	2.9912
8630.5	2.9912
8652.5	2.9912
8674.5	2.9912
8696.5	2.9912
8718.5	2.9912
8740.5	2.9912
8762.5	2.9912
8784.5	2.9912
8806.5	2.9912
8828.5	2.9912
8855.5	2.9912
8877.5	2.9912
8899.5	2.9912
8921.5	2.9912
8943.5	2.9912
8967.5	2.9912
8989.5	2.9912
9011.5	2.9912
9033.5	2.9912
9055.5	2.9912
9077.5	2.9912
9099.5	2.9912
9121.5	2.9912
9143.5	2.9912
9165.5	2.9912
9187.5	2.9912
9209.5	2.9912
9231.5	2.9912
9253.5	2.9912
9275.5	2.9912
9297.5	2.9912
9319.5	2.9912
9341.5	2.9912
9368.5	2.9912
9390.5	2.9912
9412.5	2.9912
9434.5	2.9912
9456.5	2.9912
9479.5	2.9912
9501.5	2.9912
9523.5	2.9912
9545.5	2.9912
9567.5	2.9912
9589.5	2.9912
9611.5	2.9912
9633.5	2.9912
9655.5	2.9912
9677.5	2.9912
9699.5	2.9912
9721.5	2.9912
9743.0	2.9912
9764.5	2.9912
9786.5	2.9912
9808.5	2.9912
9830.5	2.9912
9852.5	2.9912
9878.0	2.9912
9899.5	2.9912
9921.5	2.9912
9943.5	2.9912
9965.5	2.9912
9991.0	2.9912
10012.5	2.9912
10034.5	2.9912
10056.5	2.9912
10078.5	2.9912
10100.5	2.9912
10122.5	2.9912
10144.5	2.9912
10166.5	2.9912
10188.5	2.9912
10210.5	2.9912
10232.5	2.9912
10254.5	2.9912
10276.5	2.9912
10298.5	2.9912
10320.5	2.9912
10342.5	2.9912
10364.5	2.9912
10390.5	2.9912
10412.5	2.9912
10434.5	2.9912
10456.5	2.9912
10478.5	2.9863
10503.5	2.9912
10525.5	2.9912
10547.5	2.9912
10569.5	2.9912
10591.5	2.9912
10613.5	2.9912
10635.5	2.9912
10657.5	2.9863
10679.5	2.9912
10701.5	2.9912
10723.5	2.9863
10745.5	2.9912
10767.5	2.9863
10789.5	2.9912
10811.5	2.9912
10833.5	2.9912
10855.5	2.9912
10877.5	2.9912
10903.5	2.9912
10925.5	2.9912
10947.5	2.9863
10969.5	2.9912
10991.5	2.9912
11015.5	2.9912
11037.5	2.9912
11059.5	2.9912
11081.5	2.9912
11103.5	2.9863
11125.5	2.9912
