Program: 1 camread
Address: WL 0   BL 0
Data Pattern: 010
Read/write time: 100 ms
Form/precharge time: 200 ms
Number of read/write pulses: 1
Ground time: 100 ms

57.5	2.9912
79.5	2.9912
101.5	2.9912
123.5	2.9863
149.5	2.9863
171.5	2.9863
193.5	2.9863
215.5	2.9863
237.5	2.9814
263.0	2.9765
284.5	2.9765
306.5	2.9765
328.5	2.9717
350.5	2.9765
372.5	2.9717
394.5	2.9717
422.5	2.9717
444.5	2.9717
466.5	2.9668
488.5	2.9668
510.5	2.9668
537.5	2.9619
559.5	2.9619
581.5	2.9619
603.5	2.9570
625.5	2.9619
647.0	2.9570
668.5	2.9521
690.5	2.9521
712.5	2.9521
734.5	2.9521
756.5	2.9521
778.5	2.9472
800.5	2.9521
822.5	2.9472
844.5	2.9472
866.5	2.9423
888.5	2.9374
910.5	2.9374
932.5	2.9374
954.5	2.9374
976.5	2.9374
998.5	2.9326
1020.5	2.9326
1046.5	2.9326
1068.5	2.9326
1090.5	2.9326
1112.5	2.9326
1134.5	2.9277
1159.5	2.9277
1181.5	2.9277
1203.5	2.9228
1225.5	2.9228
1247.5	2.9228
1269.5	2.9228
1291.5	2.9179
1313.5	2.9130
1335.5	2.9130
1357.5	2.9130
1379.5	2.9081
1401.5	2.9081
1428.5	2.9081
1450.5	2.9081
1472.5	2.9081
1494.5	2.9081
1516.5	2.9032
1543.5	2.9032
1565.5	2.8983
1587.5	2.8983
1609.5	2.8983
1631.5	2.8983
1653.5	2.8935
1675.5	2.8935
1697.5	2.8886
1719.5	2.8886
1741.5	2.8886
1763.5	2.8886
1785.5	2.8886
1807.5	2.8886
1829.5	2.8886
1851.5	2.8886
1873.5	2.8837
1895.5	2.8837
1917.5	2.8837
1943.5	2.8788
1965.5	2.8788
1987.5	2.8739
2009.5	2.8739
2031.5	2.8739
2055.5	2.8739
2077.5	2.8739
2099.5	2.8739
2121.5	2.8690
2143.5	2.8690
2165.5	2.8690
2187.0	2.8690
2208.5	2.8641
2230.5	2.8592
2252.5	2.8592
2274.5	2.8592
2296.5	2.8592
2318.5	2.8543
2340.5	2.8543
2362.5	2.8495
2384.5	2.8495
2406.5	2.8495
2428.5	2.8495
2455.5	2.8495
2477.5	2.8495
2499.5	2.8495
2521.5	2.8495
2543.5	2.8446
2567.5	2.8446
2589.5	2.8446
2611.5	2.8446
2633.5	2.8397
2655.5	2.8348
2677.5	2.8348
2699.5	2.8348
2721.5	2.8348
2743.5	2.8299
2765.5	2.8299
2787.5	2.8299
2809.5	2.8299
2831.0	2.8299
2852.5	2.8299
2874.5	2.8299
2896.5	2.8250
2918.5	2.8201
2940.5	2.8201
2966.0	2.8201
2987.5	2.8201
3009.5	2.8104
3031.5	2.8104
3053.5	2.8104
3079.0	2.8104
3100.5	2.8104
3122.5	2.8104
3144.5	2.8104
3166.5	2.8104
3188.5	2.8104
3210.5	2.8055
3232.5	2.8055
3254.5	2.8055
3276.5	2.8055
3298.5	2.8055
3320.5	2.8006
3342.5	2.7957
3364.5	2.7957
3386.5	2.7957
3408.5	2.7957
3430.5	2.7957
3452.5	2.7957
3478.5	2.7957
3500.5	2.7908
3522.5	2.7908
3544.5	2.7908
3566.5	2.7859
3591.5	2.7810
3613.5	2.7810
3635.5	2.7810
3657.5	2.7810
3679.5	2.7810
3701.5	2.7761
3723.0	2.7761
3744.5	2.7761
3766.5	2.7761
3788.5	2.7761
3810.5	2.7761
3832.5	2.7761
3854.5	2.7761
3876.5	2.7713
3898.5	2.7713
3920.5	2.7664
3942.5	2.7664
3964.5	2.7664
3991.5	2.7664
4013.5	2.7615
4035.5	2.7566
4057.5	2.7566
4079.5	2.7566
4103.5	2.7566
4125.5	2.7517
4147.5	2.7517
4169.5	2.7517
4191.5	2.7517
4213.5	2.7517
4235.5	2.7517
4257.5	2.7517
4279.5	2.7468
4301.5	2.7468
4323.5	2.7468
4345.5	2.7419
4367.5	2.7419
4389.5	2.7419
4411.5	2.7370
4433.5	2.7370
4455.5	2.7370
4477.5	2.7370
4504.5	2.7370
4526.5	2.7370
4548.5	2.7370
4570.5	2.7322
4592.5	2.7322
4615.0	2.7322
4636.5	2.7273
4658.5	2.7273
4680.5	2.7273
4702.5	2.7273
4724.5	2.7273
4746.5	2.7224
4768.5	2.7175
4790.5	2.7175
4812.5	2.7175
4834.5	2.7175
4856.5	2.7175
4878.5	2.7175
4900.5	2.7126
4922.5	2.7175
4944.5	2.7126
4966.5	2.7126
4988.5	2.7077
5014.5	2.7028
5036.5	2.7028
5058.5	2.7028
5080.5	2.7028
5102.5	2.7028
5127.5	2.6979
5149.5	2.6979
5171.5	2.6931
5193.5	2.6931
5215.5	2.6931
5237.5	2.6931
5259.5	2.6931
5281.5	2.6931
5303.5	2.6931
5325.5	2.6931
5347.5	2.6931
5369.5	2.6882
5391.5	2.6882
5413.5	2.6882
5435.5	2.6833
5457.5	2.6833
5479.5	2.6784
5501.5	2.6784
5527.5	2.6784
5549.5	2.6784
5571.5	2.6735
5593.5	2.6735
5615.5	2.6735
5639.5	2.6735
5661.5	2.6735
5683.5	2.6735
5705.5	2.6686
5727.5	2.6686
5749.5	2.6686
5771.5	2.6637
5793.5	2.6637
5815.5	2.6637
5837.5	2.6637
5859.5	2.6588
5881.5	2.6540
5903.5	2.6540
5925.5	2.6540
5947.5	2.6540
5969.5	2.6540
5991.5	2.6540
6013.5	2.6540
6040.5	2.6540
6062.5	2.6540
6084.5	2.6491
6106.5	2.6491
6128.5	2.6491
6151.5	2.6491
6173.5	2.6491
6195.5	2.6442
6217.5	2.6393
6239.5	2.6393
6261.5	2.6393
6283.5	2.6393
6305.5	2.6393
6327.5	2.6393
6349.5	2.6393
6371.5	2.6393
6393.5	2.6344
6415.0	2.6344
6436.5	2.6344
6458.5	2.6295
6480.5	2.6246
6502.5	2.6246
6524.5	2.6246
6550.5	2.6246
6572.5	2.6246
6594.5	2.6197
6616.5	2.6197
6638.5	2.6197
6663.5	2.6197
6685.5	2.6197
6707.5	2.6197
6729.5	2.6197
6751.5	2.6197
6773.5	2.6149
6795.5	2.6149
6817.5	2.6100
6839.5	2.6100
6861.5	2.6100
6883.5	2.6100
6905.5	2.6100
6927.5	2.6051
6949.5	2.6002
6971.5	2.6002
6993.5	2.6002
7015.5	2.6002
7037.5	2.5953
7063.5	2.5953
7085.5	2.5953
7107.5	2.5953
7129.5	2.5953
7151.5	2.5953
7175.5	2.5904
7197.5	2.5953
7219.5	2.5904
7241.5	2.5855
7263.5	2.5855
7285.5	2.5855
7307.0	2.5855
7328.5	2.5855
7350.5	2.5758
7372.5	2.5806
7394.5	2.5758
7416.5	2.5758
7438.5	2.5758
7460.5	2.5758
7482.5	2.5758
7504.5	2.5758
7526.5	2.5758
7548.5	2.5758
7575.5	2.5709
7597.5	2.5709
7619.5	2.5709
7641.5	2.5709
7663.5	2.5660
7687.5	2.5660
7709.5	2.5611
7731.5	2.5611
7753.5	2.5611
7775.5	2.5611
7797.5	2.5611
7819.5	2.5611
7841.5	2.5611
7863.5	2.5562
7885.5	2.5562
7907.5	2.5562
7929.5	2.5562
7951.0	2.5513
7972.5	2.5513
7994.5	2.5464
8016.5	2.5464
8038.5	2.5464
8060.5	2.5464
8086.0	2.5415
8107.5	2.5415
8129.5	2.5367
8151.5	2.5367
8173.5	2.5367
8199.0	2.5367
8220.5	2.5367
8242.5	2.5367
8264.5	2.5367
8286.5	2.5367
8308.5	2.5367
8330.5	2.5318
8352.5	2.5318
8374.5	2.5318
8396.5	2.5318
8418.5	2.5318
8440.5	2.5269
8462.5	2.5220
8484.5	2.5220
8506.5	2.5220
8528.5	2.5220
8550.5	2.5171
8572.5	2.5171
8598.5	2.5171
8620.5	2.5171
8642.5	2.5171
8664.5	2.5171
8686.5	2.5171
8711.5	2.5122
8733.5	2.5122
8755.5	2.5073
8777.5	2.5073
8799.5	2.5073
8821.5	2.5073
8843.0	2.5073
8864.5	2.5024
8886.5	2.5024
8908.5	2.5024
8930.5	2.5024
8952.5	2.5024
8974.5	2.4976
8996.5	2.4976
9018.5	2.4976
9040.5	2.4976
9062.5	2.4976
9084.5	2.4927
9111.5	2.4927
9133.5	2.4927
9155.5	2.4927
9177.5	2.4927
9199.5	2.4878
9223.5	2.4829
9245.5	2.4878
9267.5	2.4829
9289.5	2.4829
9311.5	2.4829
9333.5	2.4829
9355.5	2.4829
9377.5	2.4829
9399.5	2.4780
9421.5	2.4780
9443.5	2.4780
9465.5	2.4780
9487.5	2.4731
9509.5	2.4682
9531.5	2.4682
9553.5	2.4682
9575.5	2.4682
9597.5	2.4682
9624.5	2.4633
9646.5	2.4633
9668.5	2.4633
9690.5	2.4633
9712.5	2.4633
9735.0	2.4633
9756.5	2.4633
9778.5	2.4633
9800.5	2.4585
9822.5	2.4633
9844.5	2.4633
9866.5	2.4585
9888.5	2.4536
9910.5	2.4536
9932.5	2.4536
9954.5	2.4536
9976.5	2.4536
9998.5	2.4487
10020.5	2.4487
10042.5	2.4438
10064.5	2.4438
10086.5	2.4438
10108.5	2.4389
10134.5	2.4389
10156.5	2.4389
10178.5	2.4389
10200.5	2.4389
10222.5	2.4389
10247.5	2.4389
10269.5	2.4389
10291.5	2.4340
10313.5	2.4340
10335.5	2.4291
10357.5	2.4291
10379.5	2.4291
10401.5	2.4291
10423.5	2.4291
10445.5	2.4291
10467.5	2.4242
10489.5	2.4242
10511.5	2.4242
10533.5	2.4242
10555.5	2.4242
10577.5	2.4242
10599.5	2.4194
10621.5	2.4194
10647.5	2.4194
10669.5	2.4194
10691.5	2.4145
10713.5	2.4145
10735.5	2.4145
10759.5	2.4145
10781.5	2.4096
10803.5	2.4096
10825.5	2.4096
10847.5	2.4047
10869.5	2.4047
10891.5	2.4047
10913.5	2.4047
10935.5	2.4047
10957.5	2.4047
10979.5	2.4047
11001.5	2.3998
11023.5	2.3998
11045.5	2.3998
11067.5	2.3998
11089.5	2.3949
11111.5	2.3900
11133.5	2.3900
