Program: 1 camread
Address: WL 0   BL 0
Data Pattern: 000
Read/write time: 100 ms
Form/precharge time: 200 ms
Number of read/write pulses: 1
Ground time: 100 ms

57.5	2.9619
79.5	2.9472
101.5	2.9326
123.5	2.9228
150.5	2.9081
172.5	2.8983
194.5	2.8886
216.5	2.8837
238.5	2.8690
263.5	2.8543
285.5	2.8495
307.5	2.8348
329.5	2.8250
351.5	2.8104
373.5	2.8055
395.5	2.7908
423.5	2.7761
445.5	2.7713
467.5	2.7566
489.5	2.7517
511.5	2.7370
538.5	2.7273
560.5	2.7175
582.5	2.7028
604.5	2.6931
626.5	2.6833
648.0	2.6735
669.5	2.6637
691.5	2.6540
713.5	2.6442
735.5	2.6344
757.5	2.6197
779.5	2.6149
801.5	2.6002
823.5	2.5953
845.5	2.5806
867.5	2.5758
889.5	2.5611
911.5	2.5562
933.5	2.5415
955.5	2.5367
977.5	2.5220
999.5	2.5122
1021.5	2.5024
1047.5	2.4927
1069.5	2.4829
1091.5	2.4731
1113.5	2.4633
1135.5	2.4536
1159.5	2.4389
1181.5	2.4291
1203.5	2.4242
1225.5	2.4145
1247.5	2.4047
1269.5	2.3900
1291.0	2.3803
1312.5	2.3754
1334.5	2.3656
1356.5	2.3558
1378.5	2.3460
1400.5	2.3363
1428.5	2.3265
1450.5	2.3118
1472.5	2.3069
1494.5	2.2972
1516.5	2.2874
1543.5	2.2727
1565.5	2.2630
1587.5	2.2581
1609.5	2.2483
1631.5	2.2336
1653.5	2.2239
1675.0	2.2190
1696.5	2.2092
1718.5	2.2043
1740.5	2.1896
1762.5	2.1848
1784.5	2.1701
1806.5	2.1652
1828.5	2.1505
1850.5	2.1505
1872.5	2.1408
1894.5	2.1261
1916.5	2.1163
1943.5	2.1065
1965.5	2.1017
1987.5	2.0919
2009.5	2.0772
2031.5	2.0674
2055.5	2.0626
2077.5	2.0479
2099.5	2.0430
2121.5	2.0283
2143.5	2.0235
2165.5	2.0186
2187.5	2.0088
2209.5	1.9990
2231.5	1.9941
2253.5	1.9844
2275.5	1.9697
2297.5	1.9599
2319.5	1.9501
2341.5	1.9501
2363.5	1.9355
2385.5	1.9306
2407.5	1.9159
2429.5	1.9110
2456.5	1.9013
2478.5	1.8915
2500.5	1.8817
2522.5	1.8768
2544.5	1.8671
2567.0	1.8573
2588.5	1.8524
2610.5	1.8377
2632.5	1.8328
2654.5	1.8231
2676.5	1.8133
2698.5	1.8035
2720.5	1.7986
2742.5	1.7889
2764.5	1.7840
2786.5	1.7742
2808.5	1.7644
2830.5	1.7546
2852.5	1.7498
2874.5	1.7351
2896.5	1.7302
2918.5	1.7204
2940.5	1.7155
2966.5	1.7058
2988.5	1.7009
3010.5	1.6862
3032.5	1.6813
3054.5	1.6716
3079.5	1.6618
3101.5	1.6569
3123.5	1.6471
3145.5	1.6373
3167.5	1.6325
3189.5	1.6227
3211.5	1.6178
3233.5	1.6080
3255.5	1.5982
3277.5	1.5934
3299.5	1.5787
3321.5	1.5787
3343.5	1.5591
3365.5	1.5591
3387.5	1.5543
3409.5	1.5445
3431.5	1.5396
3453.5	1.5249
3479.5	1.5249
3501.5	1.5152
3523.5	1.5005
3545.5	1.4956
3567.5	1.4858
3591.5	1.4809
3613.5	1.4761
3635.5	1.4663
3657.5	1.4614
3679.5	1.4467
3701.5	1.4418
3723.5	1.4370
3745.5	1.4272
3767.5	1.4223
3789.5	1.4174
3811.5	1.4027
3833.5	1.4027
3855.5	1.3930
3877.5	1.3881
3899.5	1.3734
3921.5	1.3685
3943.5	1.3636
3965.5	1.3587
3992.5	1.3441
4014.5	1.3441
4036.5	1.3343
4058.5	1.3245
4080.5	1.3196
4103.5	1.3099
4125.5	1.3050
4147.5	1.2952
4169.5	1.2854
4191.5	1.2854
4213.5	1.2805
4235.5	1.2708
4257.5	1.2659
4279.5	1.2561
4301.5	1.2463
4323.5	1.2463
4345.5	1.2414
4367.0	1.2317
4388.5	1.2268
4410.5	1.2170
4432.5	1.2121
4454.5	1.2072
4476.5	1.1975
4502.5	1.1877
4524.5	1.1877
4546.5	1.1779
4568.5	1.1730
4590.5	1.1681
4615.5	1.1584
4637.5	1.1535
4659.5	1.1486
4681.5	1.1388
4703.5	1.1290
4725.5	1.1290
4747.5	1.1241
4769.5	1.1144
4791.5	1.1095
4813.5	1.1046
4835.5	1.0948
4857.5	1.0899
4879.5	1.0850
4901.5	1.0753
4923.5	1.0753
4945.5	1.0704
4967.5	1.0606
4989.5	1.0557
5015.5	1.0508
5037.5	1.0459
5059.5	1.0362
5081.5	1.0313
5103.5	1.0215
5127.5	1.0166
5149.5	1.0117
5171.5	1.0068
5193.5	1.0020
5215.5	0.9971
5237.5	0.9922
5259.0	0.9824
5280.5	0.9726
5302.5	0.9726
5324.5	0.9726
5346.5	0.9677
5368.5	0.9580
5390.5	0.9531
5412.5	0.9482
5434.5	0.9433
5456.5	0.9384
5478.5	0.9286
5500.5	0.9238
5527.5	0.9189
5549.5	0.9140
5571.5	0.9091
5593.5	0.9042
5615.5	0.8993
5639.5	0.8993
5661.5	0.8895
5683.5	0.8798
5705.5	0.8749
5727.5	0.8749
5749.5	0.8651
5771.5	0.8602
5793.5	0.8602
5815.5	0.8553
5837.5	0.8504
5859.5	0.8407
5881.5	0.8407
5903.0	0.8358
5924.5	0.8260
5946.5	0.8211
5968.5	0.8162
5990.5	0.8162
6012.5	0.8113
6038.0	0.8065
6059.5	0.7967
6081.5	0.7967
6103.5	0.7869
6125.5	0.7869
6151.0	0.7771
6172.5	0.7771
6194.5	0.7722
6216.5	0.7674
6238.5	0.7625
6260.5	0.7625
6282.5	0.7576
6304.5	0.7478
6326.5	0.7429
6348.5	0.7429
6370.5	0.7380
6392.5	0.7331
6414.5	0.7283
6436.5	0.7185
6458.5	0.7185
6480.5	0.7185
6502.5	0.7087
6524.5	0.7038
6550.5	0.6989
6572.5	0.6989
6594.5	0.6940
6616.5	0.6891
6638.5	0.6843
6663.5	0.6843
6685.5	0.6794
6707.5	0.6696
6729.5	0.6598
6751.5	0.6598
6773.5	0.6598
6795.0	0.6598
6816.5	0.6549
6838.5	0.6500
6860.5	0.6403
6882.5	0.6403
6904.5	0.6354
6926.5	0.6305
6948.5	0.6256
6970.5	0.6207
6992.5	0.6207
7014.5	0.6158
7036.5	0.6109
7063.5	0.6109
7085.5	0.6061
7107.5	0.6061
7129.5	0.6012
7151.5	0.5914
7175.5	0.5865
7197.5	0.5865
7219.5	0.5865
7241.5	0.5816
7263.5	0.5767
7285.5	0.5767
7307.5	0.5670
7329.5	0.5621
7351.5	0.5621
7373.5	0.5572
7395.5	0.5523
7417.5	0.5523
7439.5	0.5474
7461.5	0.5474
7483.5	0.5425
7505.5	0.5376
7527.5	0.5376
7549.5	0.5327
7576.5	0.5279
7598.5	0.5279
7620.5	0.5230
7642.5	0.5181
7664.5	0.5132
7687.0	0.5132
7708.5	0.5034
7730.5	0.5034
7752.5	0.5034
7774.5	0.4985
7796.5	0.4985
7818.5	0.4936
7840.5	0.4888
7862.5	0.4888
7884.5	0.4839
7906.5	0.4839
7928.5	0.4790
7950.5	0.4741
7972.5	0.4741
7994.5	0.4692
8016.5	0.4692
8038.5	0.4643
8060.5	0.4594
8086.5	0.4594
8108.5	0.4545
8130.5	0.4497
8152.5	0.4497
8174.5	0.4448
8199.5	0.4448
8221.5	0.4399
8243.5	0.4350
8265.5	0.4350
8287.5	0.4350
8309.5	0.4301
8331.5	0.4301
8353.5	0.4252
8375.5	0.4203
8397.5	0.4203
8419.5	0.4154
8441.5	0.4106
8463.5	0.4106
8485.5	0.4057
8507.5	0.4057
8529.5	0.4057
8551.5	0.3959
8573.5	0.3959
8599.5	0.3959
8621.5	0.3910
8643.5	0.3861
8665.5	0.3861
8687.5	0.3861
8711.5	0.3861
8733.5	0.3812
8755.5	0.3812
8777.5	0.3715
8799.5	0.3715
8821.5	0.3715
8843.5	0.3715
8865.5	0.3666
8887.5	0.3666
8909.5	0.3617
8931.5	0.3568
8953.5	0.3568
8975.5	0.3470
8997.5	0.3470
9019.5	0.3470
9041.5	0.3470
9063.5	0.3470
9085.5	0.3421
9112.5	0.3421
9134.5	0.3421
9156.5	0.3372
9178.5	0.3324
9200.5	0.3275
9223.5	0.3275
9245.5	0.3275
9267.5	0.3275
9289.5	0.3226
9311.5	0.3226
9333.5	0.3177
9355.5	0.3177
9377.5	0.3128
9399.5	0.3079
9421.5	0.3079
9443.5	0.3079
9465.5	0.3079
9487.0	0.3079
9508.5	0.3030
9530.5	0.3030
9552.5	0.2981
9574.5	0.2981
9596.5	0.2933
9622.5	0.2933
9644.5	0.2933
9666.5	0.2933
9688.5	0.2884
9710.5	0.2884
9735.5	0.2884
9757.5	0.2786
9779.5	0.2786
9801.5	0.2737
9823.5	0.2737
9845.5	0.2737
9867.5	0.2737
9889.5	0.2737
9911.5	0.2737
9933.5	0.2688
9955.5	0.2688
9977.5	0.2639
9999.5	0.2639
10021.5	0.2639
10043.5	0.2590
10065.5	0.2542
10087.5	0.2542
10109.5	0.2493
10135.5	0.2542
10157.5	0.2493
10179.5	0.2493
10201.5	0.2444
10223.5	0.2444
10247.5	0.2395
10269.5	0.2395
10291.5	0.2395
10313.5	0.2395
10335.5	0.2395
10357.5	0.2346
10379.0	0.2346
10400.5	0.2346
10422.5	0.2297
10444.5	0.2297
10466.5	0.2297
10488.5	0.2248
10510.5	0.2297
10532.5	0.2248
10554.5	0.2248
10576.5	0.2199
10598.5	0.2151
10620.5	0.2151
10647.5	0.2151
10669.5	0.2151
10691.5	0.2151
10713.5	0.2102
10735.5	0.2151
10759.5	0.2102
10781.5	0.2102
10803.5	0.2053
10825.5	0.2004
10847.5	0.2004
10869.5	0.2004
10891.5	0.2004
10913.5	0.1955
10935.5	0.2004
10957.5	0.1906
10979.5	0.1906
11001.5	0.1906
11023.0	0.1906
11044.5	0.1906
11066.5	0.1906
11088.5	0.1906
11110.5	0.1906
11132.5	0.1906
