Program: 1 camread
Address: WL 0   BL 0
Data Pattern: 010
Read/write time: 100 ms
Form/precharge time: 200 ms
Number of read/write pulses: 1
Ground time: 100 ms

57.5	2.9912
79.5	2.9912
101.5	2.9912
123.5	2.9912
149.5	2.9912
171.5	2.9912
193.5	2.9912
215.5	2.9912
237.5	2.9912
263.0	2.9912
284.5	2.9912
306.5	2.9912
328.5	2.9912
350.5	2.9912
372.5	2.9912
394.5	2.9912
422.5	2.9912
444.5	2.9912
466.5	2.9912
488.5	2.9912
510.5	2.9912
537.5	2.9912
559.5	2.9912
581.5	2.9912
603.5	2.9912
625.5	2.9912
647.0	2.9912
668.5	2.9912
690.5	2.9863
712.5	2.9912
734.5	2.9912
756.5	2.9912
778.5	2.9912
800.5	2.9912
822.5	2.9912
844.5	2.9912
866.5	2.9912
888.5	2.9912
910.5	2.9912
932.5	2.9912
954.5	2.9912
976.5	2.9912
998.5	2.9912
1020.5	2.9912
1046.5	2.9912
1068.5	2.9912
1090.5	2.9912
1112.5	2.9912
1134.5	2.9912
1159.5	2.9912
1181.5	2.9912
1203.5	2.9912
1225.5	2.9912
1247.5	2.9912
1269.5	2.9912
1291.5	2.9912
1313.5	2.9912
1335.5	2.9912
1357.5	2.9863
1379.5	2.9912
1401.5	2.9912
1428.5	2.9912
1450.5	2.9912
1472.5	2.9912
1494.5	2.9912
1516.5	2.9912
1543.5	2.9912
1565.5	2.9912
1587.5	2.9912
1609.5	2.9912
1631.5	2.9863
1653.5	2.9912
1675.5	2.9912
1697.5	2.9863
1719.5	2.9912
1741.5	2.9912
1763.5	2.9863
1785.5	2.9863
1807.5	2.9863
1829.5	2.9912
1851.5	2.9863
1873.5	2.9912
1895.5	2.9912
1917.5	2.9912
1943.5	2.9912
1965.5	2.9912
1987.5	2.9912
2009.5	2.9863
2031.5	2.9863
2055.5	2.9863
2077.5	2.9912
2099.5	2.9863
2121.5	2.9863
2143.5	2.9912
2165.5	2.9912
2187.0	2.9912
2208.5	2.9863
2230.5	2.9863
2252.5	2.9912
2274.5	2.9912
2296.5	2.9863
2318.5	2.9863
2340.5	2.9863
2362.5	2.9863
2384.5	2.9863
2406.5	2.9863
2428.5	2.9863
2455.5	2.9863
2477.5	2.9912
2499.5	2.9863
2521.5	2.9863
2543.5	2.9863
2567.5	2.9863
2589.5	2.9863
2611.5	2.9863
2633.5	2.9863
2655.5	2.9863
2677.5	2.9912
2699.5	2.9912
2721.5	2.9863
2743.5	2.9863
2765.5	2.9863
2787.5	2.9863
2809.5	2.9863
2831.0	2.9863
2852.5	2.9863
2874.5	2.9863
2896.5	2.9863
2918.5	2.9863
2940.5	2.9863
2966.0	2.9863
2987.5	2.9863
3009.5	2.9863
3031.5	2.9863
3053.5	2.9863
3079.0	2.9912
3100.5	2.9863
3122.5	2.9863
3144.5	2.9863
3166.5	2.9863
3188.5	2.9863
3210.5	2.9863
3232.5	2.9863
3254.5	2.9863
3276.5	2.9912
3298.5	2.9863
3320.5	2.9863
3342.5	2.9863
3364.5	2.9863
3386.5	2.9863
3408.5	2.9863
3430.5	2.9863
3452.5	2.9863
3478.5	2.9912
3500.5	2.9912
3522.5	2.9863
3544.5	2.9863
3566.5	2.9863
3591.5	2.9863
3613.5	2.9863
3635.5	2.9863
3657.5	2.9863
3679.5	2.9863
3701.5	2.9912
3723.0	2.9863
3744.5	2.9863
3766.5	2.9863
3788.5	2.9863
3810.5	2.9863
3832.5	2.9863
3854.5	2.9863
3876.5	2.9863
3898.5	2.9863
3920.5	2.9863
3942.5	2.9863
3964.5	2.9863
3991.5	2.9863
4013.5	2.9863
4035.5	2.9863
4057.5	2.9863
4079.5	2.9863
4103.5	2.9863
4125.5	2.9912
4147.5	2.9863
4169.5	2.9863
4191.5	2.9863
4213.5	2.9863
4235.5	2.9863
4257.5	2.9863
4279.5	2.9863
4301.5	2.9912
4323.5	2.9863
4345.5	2.9863
4367.5	2.9863
4389.5	2.9863
4411.5	2.9863
4433.5	2.9863
4455.5	2.9863
4477.5	2.9863
4504.5	2.9863
4526.5	2.9912
4548.5	2.9863
4570.5	2.9863
4592.5	2.9863
4615.0	2.9863
4636.5	2.9863
4658.5	2.9863
4680.5	2.9863
4702.5	2.9863
4724.5	2.9863
4746.5	2.9863
4768.5	2.9863
4790.5	2.9863
4812.5	2.9863
4834.5	2.9863
4856.5	2.9863
4878.5	2.9863
4900.5	2.9863
4922.5	2.9863
4944.5	2.9863
4966.5	2.9863
4988.5	2.9863
5014.5	2.9863
5036.5	2.9863
5058.5	2.9863
5080.5	2.9863
5102.5	2.9863
5127.5	2.9863
5149.5	2.9863
5171.5	2.9863
5193.5	2.9863
5215.5	2.9863
5237.5	2.9863
5259.5	2.9863
5281.5	2.9863
5303.5	2.9863
5325.5	2.9863
5347.5	2.9863
5369.5	2.9863
5391.5	2.9863
5413.5	2.9863
5435.5	2.9863
5457.5	2.9863
5479.5	2.9863
5501.5	2.9863
5527.5	2.9863
5549.5	2.9863
5571.5	2.9863
5593.5	2.9863
5615.5	2.9863
5639.5	2.9863
5661.5	2.9863
5683.5	2.9863
5705.5	2.9863
5727.5	2.9863
5749.5	2.9863
5771.5	2.9863
5793.5	2.9863
5815.5	2.9863
5837.5	2.9863
5859.5	2.9863
5881.5	2.9863
5903.5	2.9863
5925.5	2.9863
5947.5	2.9863
5969.5	2.9863
5991.5	2.9863
6013.5	2.9863
6040.5	2.9863
6062.5	2.9863
6084.5	2.9863
6106.5	2.9863
6128.5	2.9863
6151.5	2.9863
6173.5	2.9863
6195.5	2.9863
6217.5	2.9863
6239.5	2.9863
6261.5	2.9863
6283.5	2.9863
6305.5	2.9863
6327.5	2.9863
6349.5	2.9863
6371.5	2.9863
6393.5	2.9863
6415.0	2.9863
6436.5	2.9863
6458.5	2.9863
6480.5	2.9863
6502.5	2.9863
6524.5	2.9863
6550.5	2.9863
6572.5	2.9863
6594.5	2.9863
6616.5	2.9863
6638.5	2.9863
6663.5	2.9863
6685.5	2.9863
6707.5	2.9863
6729.5	2.9863
6751.5	2.9863
6773.5	2.9863
6795.5	2.9863
6817.5	2.9863
6839.5	2.9863
6861.5	2.9863
6883.5	2.9863
6905.5	2.9863
6927.5	2.9863
6949.5	2.9863
6971.5	2.9863
6993.5	2.9863
7015.5	2.9863
7037.5	2.9863
7063.5	2.9863
7085.5	2.9863
7107.5	2.9863
7129.5	2.9863
7151.5	2.9863
7175.5	2.9863
7197.5	2.9863
7219.5	2.9863
7241.5	2.9863
7263.5	2.9863
7285.5	2.9863
7307.0	2.9863
7328.5	2.9863
7350.5	2.9863
7372.5	2.9863
7394.5	2.9863
7416.5	2.9863
7438.5	2.9863
7460.5	2.9863
7482.5	2.9863
7504.5	2.9863
7526.5	2.9863
7548.5	2.9863
7575.5	2.9863
7597.5	2.9863
7619.5	2.9863
7641.5	2.9863
7663.5	2.9863
7687.5	2.9863
7709.5	2.9863
7731.5	2.9863
7753.5	2.9863
7775.5	2.9863
7797.5	2.9863
7819.5	2.9863
7841.5	2.9863
7863.5	2.9863
7885.5	2.9863
7907.5	2.9863
7929.5	2.9863
7951.0	2.9863
7972.5	2.9863
7994.5	2.9863
8016.5	2.9863
8038.5	2.9863
8060.5	2.9863
8086.0	2.9863
8107.5	2.9863
8129.5	2.9863
8151.5	2.9863
8173.5	2.9863
8199.0	2.9863
8220.5	2.9863
8242.5	2.9863
8264.5	2.9863
8286.5	2.9863
8308.5	2.9863
8330.5	2.9863
8352.5	2.9863
8374.5	2.9863
8396.5	2.9863
8418.5	2.9863
8440.5	2.9863
8462.5	2.9863
8484.5	2.9863
8506.5	2.9863
8528.5	2.9863
8550.5	2.9863
8572.5	2.9863
8598.5	2.9863
8620.5	2.9863
8642.5	2.9863
8664.5	2.9863
8686.5	2.9863
8711.5	2.9863
8733.5	2.9863
8755.5	2.9863
8777.5	2.9863
8799.5	2.9863
8821.5	2.9863
8843.0	2.9863
8864.5	2.9863
8886.5	2.9863
8908.5	2.9863
8930.5	2.9863
8952.5	2.9863
8974.5	2.9863
8996.5	2.9863
9018.5	2.9863
9040.5	2.9863
9062.5	2.9863
9084.5	2.9863
9111.5	2.9863
9133.5	2.9863
9155.5	2.9863
9177.5	2.9863
9199.5	2.9863
9223.5	2.9863
9245.5	2.9863
9267.5	2.9863
9289.5	2.9863
9311.5	2.9863
9333.5	2.9863
9355.5	2.9863
9377.5	2.9863
9399.5	2.9863
9421.5	2.9863
9443.5	2.9863
9465.5	2.9863
9487.5	2.9863
9509.5	2.9863
9531.5	2.9863
9553.5	2.9863
9575.5	2.9863
9597.5	2.9863
9624.5	2.9863
9646.5	2.9863
9668.5	2.9863
9690.5	2.9863
9712.5	2.9863
9735.0	2.9863
9756.5	2.9863
9778.5	2.9863
9800.5	2.9863
9822.5	2.9863
9844.5	2.9863
9866.5	2.9863
9888.5	2.9863
9910.5	2.9863
9932.5	2.9863
9954.5	2.9863
9976.5	2.9863
9998.5	2.9863
10020.5	2.9863
10042.5	2.9863
10064.5	2.9863
10086.5	2.9863
10108.5	2.9863
10134.5	2.9863
10156.5	2.9863
10178.5	2.9863
10200.5	2.9863
10222.5	2.9863
10247.5	2.9863
10269.5	2.9863
10291.5	2.9863
10313.5	2.9863
10335.5	2.9863
10357.5	2.9863
10379.5	2.9863
10401.5	2.9863
10423.5	2.9863
10445.5	2.9863
10467.5	2.9863
10489.5	2.9863
10511.5	2.9863
10533.5	2.9863
10555.5	2.9863
10577.5	2.9863
10599.5	2.9863
10621.5	2.9863
10647.5	2.9863
10669.5	2.9863
10691.5	2.9863
10713.5	2.9863
10735.5	2.9863
10759.5	2.9863
10781.5	2.9863
10803.5	2.9863
10825.5	2.9863
10847.5	2.9863
10869.5	2.9863
10891.5	2.9863
10913.5	2.9863
10935.5	2.9863
10957.5	2.9863
10979.5	2.9863
11001.5	2.9863
11023.5	2.9863
11045.5	2.9863
11067.5	2.9863
11089.5	2.9863
11111.5	2.9863
11133.5	2.9863
