Program: 1 camread
Address: WL 0   BL 0
Data Pattern: 010
Read/write time: 100 ms
Form/precharge time: 200 ms
Number of read/write pulses: 1
Ground time: 100 ms

57.5	2.9570
79.5	2.9521
101.5	2.9326
123.5	2.9228
149.5	2.9081
171.5	2.8983
193.5	2.8886
215.5	2.8788
237.5	2.8690
263.0	2.8543
284.5	2.8495
306.5	2.8348
328.5	2.8299
350.5	2.8104
372.5	2.8055
394.5	2.7908
422.5	2.7761
444.5	2.7761
466.5	2.7566
488.5	2.7517
510.5	2.7370
537.5	2.7273
559.5	2.7175
581.5	2.7028
603.5	2.6931
625.5	2.6882
647.0	2.6735
668.5	2.6637
690.5	2.6540
712.5	2.6442
734.5	2.6344
756.5	2.6246
778.5	2.6197
800.5	2.6002
822.5	2.5953
844.5	2.5806
866.5	2.5758
888.5	2.5611
910.5	2.5562
932.5	2.5415
954.5	2.5367
976.5	2.5220
998.5	2.5171
1020.5	2.5024
1046.5	2.4927
1068.5	2.4829
1090.5	2.4682
1112.5	2.4633
1134.5	2.4536
1159.5	2.4389
1181.5	2.4291
1203.5	2.4242
1225.5	2.4145
1247.5	2.4047
1269.5	2.3900
1291.5	2.3803
1313.5	2.3754
1335.5	2.3607
1357.5	2.3558
1379.5	2.3460
1401.5	2.3363
1428.5	2.3265
1450.5	2.3118
1472.5	2.3069
1494.5	2.2972
1516.5	2.2825
1543.5	2.2727
1565.5	2.2630
1587.5	2.2581
1609.5	2.2483
1631.5	2.2336
1653.5	2.2239
1675.5	2.2190
1697.5	2.2092
1719.5	2.1994
1741.5	2.1896
1763.5	2.1799
1785.5	2.1701
1807.5	2.1652
1829.5	2.1554
1851.5	2.1505
1873.5	2.1359
1895.5	2.1261
1917.5	2.1163
1943.5	2.1065
1965.5	2.1017
1987.5	2.0919
2009.5	2.0772
2031.5	2.0674
2055.5	2.0626
2077.5	2.0528
2099.5	2.0430
2121.5	2.0283
2143.5	2.0235
2165.5	2.0137
2187.0	2.0088
2208.5	1.9990
2230.5	1.9941
2252.5	1.9844
2274.5	1.9697
2296.5	1.9599
2318.5	1.9501
2340.5	1.9453
2362.5	1.9355
2384.5	1.9306
2406.5	1.9159
2428.5	1.9110
2455.5	1.9013
2477.5	1.8915
2499.5	1.8817
2521.5	1.8768
2543.5	1.8671
2567.5	1.8573
2589.5	1.8475
2611.5	1.8377
2633.5	1.8328
2655.5	1.8231
2677.5	1.8133
2699.5	1.8035
2721.5	1.7986
2743.5	1.7889
2765.5	1.7791
2787.5	1.7742
2809.5	1.7644
2831.0	1.7546
2852.5	1.7498
2874.5	1.7351
2896.5	1.7302
2918.5	1.7204
2940.5	1.7155
2966.0	1.7058
2987.5	1.6960
3009.5	1.6862
3031.5	1.6813
3053.5	1.6764
3079.0	1.6618
3100.5	1.6569
3122.5	1.6471
3144.5	1.6373
3166.5	1.6325
3188.5	1.6227
3210.5	1.6178
3232.5	1.5982
3254.5	1.5982
3276.5	1.5934
3298.5	1.5836
3320.5	1.5787
3342.5	1.5689
3364.5	1.5591
3386.5	1.5543
3408.5	1.5445
3430.5	1.5396
3452.5	1.5249
3478.5	1.5249
3500.5	1.5152
3522.5	1.5005
3544.5	1.4956
3566.5	1.4858
3591.5	1.4809
3613.5	1.4761
3635.5	1.4663
3657.5	1.4614
3679.5	1.4516
3701.5	1.4418
3723.0	1.4370
3744.5	1.4272
3766.5	1.4223
3788.5	1.4125
3810.5	1.4027
3832.5	1.4027
3854.5	1.3930
3876.5	1.3881
3898.5	1.3783
3920.5	1.3685
3942.5	1.3685
3964.5	1.3587
3991.5	1.3441
4013.5	1.3441
4035.5	1.3343
4057.5	1.3245
4079.5	1.3196
4103.5	1.3099
4125.5	1.3050
4147.5	1.2952
4169.5	1.2854
4191.5	1.2854
4213.5	1.2805
4235.5	1.2708
4257.5	1.2659
4279.5	1.2561
4301.5	1.2463
4323.5	1.2463
4345.5	1.2366
4367.5	1.2317
4389.5	1.2268
4411.5	1.2170
4433.5	1.2121
4455.5	1.2072
4477.5	1.1926
4504.5	1.1877
4526.5	1.1877
4548.5	1.1779
4570.5	1.1730
4592.5	1.1632
4615.0	1.1584
4636.5	1.1535
4658.5	1.1486
4680.5	1.1388
4702.5	1.1290
4724.5	1.1290
4746.5	1.1241
4768.5	1.1095
4790.5	1.1095
4812.5	1.0997
4834.5	1.0948
4856.5	1.0899
4878.5	1.0850
4900.5	1.0802
4922.5	1.0753
4944.5	1.0704
4966.5	1.0557
4988.5	1.0557
5014.5	1.0508
5036.5	1.0459
5058.5	1.0362
5080.5	1.0313
5102.5	1.0215
5127.5	1.0166
5149.5	1.0117
5171.5	1.0068
5193.5	1.0020
5215.5	0.9971
5237.5	0.9922
5259.5	0.9824
5281.5	0.9726
5303.5	0.9726
5325.5	0.9726
5347.5	0.9629
5369.5	0.9531
5391.5	0.9531
5413.5	0.9433
5435.5	0.9433
5457.5	0.9384
5479.5	0.9335
5501.5	0.9238
5527.5	0.9189
5549.5	0.9189
5571.5	0.9091
5593.5	0.9042
5615.5	0.8993
5639.5	0.8944
5661.5	0.8895
5683.5	0.8798
5705.5	0.8749
5727.5	0.8749
5749.5	0.8651
5771.5	0.8651
5793.5	0.8602
5815.5	0.8504
5837.5	0.8504
5859.5	0.8407
5881.5	0.8407
5903.5	0.8358
5925.5	0.8260
5947.5	0.8211
5969.5	0.8162
5991.5	0.8162
6013.5	0.8113
6040.5	0.8016
6062.5	0.7967
6084.5	0.7967
6106.5	0.7869
6128.5	0.7869
6151.5	0.7771
6173.5	0.7771
6195.5	0.7722
6217.5	0.7674
6239.5	0.7625
6261.5	0.7576
6283.5	0.7527
6305.5	0.7478
6327.5	0.7429
6349.5	0.7429
6371.5	0.7380
6393.5	0.7331
6415.0	0.7234
6436.5	0.7234
6458.5	0.7185
6480.5	0.7136
6502.5	0.7087
6524.5	0.6989
6550.5	0.6989
6572.5	0.6989
6594.5	0.6940
6616.5	0.6843
6638.5	0.6843
6663.5	0.6794
6685.5	0.6745
6707.5	0.6696
6729.5	0.6598
6751.5	0.6598
6773.5	0.6598
6795.5	0.6549
6817.5	0.6500
6839.5	0.6452
6861.5	0.6403
6883.5	0.6403
6905.5	0.6354
6927.5	0.6305
6949.5	0.6305
6971.5	0.6207
6993.5	0.6207
7015.5	0.6158
7037.5	0.6109
7063.5	0.6061
7085.5	0.6061
7107.5	0.6012
7129.5	0.6012
7151.5	0.5914
7175.5	0.5914
7197.5	0.5865
7219.5	0.5865
7241.5	0.5816
7263.5	0.5767
7285.5	0.5718
7307.0	0.5670
7328.5	0.5621
7350.5	0.5621
7372.5	0.5621
7394.5	0.5523
7416.5	0.5523
7438.5	0.5474
7460.5	0.5474
7482.5	0.5425
7504.5	0.5376
7526.5	0.5376
7548.5	0.5279
7575.5	0.5279
7597.5	0.5279
7619.5	0.5230
7641.5	0.5132
7663.5	0.5132
7687.5	0.5083
7709.5	0.5034
7731.5	0.5034
7753.5	0.5034
7775.5	0.5034
7797.5	0.4985
7819.5	0.4936
7841.5	0.4888
7863.5	0.4839
7885.5	0.4839
7907.5	0.4839
7929.5	0.4741
7951.0	0.4741
7972.5	0.4741
7994.5	0.4692
8016.5	0.4692
8038.5	0.4643
8060.5	0.4594
8086.0	0.4594
8107.5	0.4545
8129.5	0.4497
8151.5	0.4497
8173.5	0.4497
8199.0	0.4448
8220.5	0.4399
8242.5	0.4350
8264.5	0.4301
8286.5	0.4301
8308.5	0.4301
8330.5	0.4301
8352.5	0.4252
8374.5	0.4252
8396.5	0.4203
8418.5	0.4154
8440.5	0.4106
8462.5	0.4057
8484.5	0.4057
8506.5	0.4057
8528.5	0.4008
8550.5	0.4008
8572.5	0.3959
8598.5	0.3959
8620.5	0.3910
8642.5	0.3861
8664.5	0.3861
8686.5	0.3861
8711.5	0.3812
8733.5	0.3812
8755.5	0.3763
8777.5	0.3715
8799.5	0.3715
8821.5	0.3715
8843.0	0.3715
8864.5	0.3666
8886.5	0.3617
8908.5	0.3568
8930.5	0.3568
8952.5	0.3568
8974.5	0.3519
8996.5	0.3470
9018.5	0.3470
9040.5	0.3470
9062.5	0.3470
9084.5	0.3421
9111.5	0.3421
9133.5	0.3421
9155.5	0.3372
9177.5	0.3324
9199.5	0.3324
9223.5	0.3275
9245.5	0.3275
9267.5	0.3275
9289.5	0.3226
9311.5	0.3226
9333.5	0.3177
9355.5	0.3177
9377.5	0.3128
9399.5	0.3128
9421.5	0.3079
9443.5	0.3079
9465.5	0.3079
9487.5	0.3030
9509.5	0.3030
9531.5	0.3030
9553.5	0.2981
9575.5	0.2981
9597.5	0.2933
9624.5	0.2933
9646.5	0.2933
9668.5	0.2884
9690.5	0.2884
9712.5	0.2835
9735.0	0.2835
9756.5	0.2786
9778.5	0.2786
9800.5	0.2786
9822.5	0.2786
9844.5	0.2737
9866.5	0.2737
9888.5	0.2737
9910.5	0.2688
9932.5	0.2688
9954.5	0.2688
9976.5	0.2639
9998.5	0.2639
10020.5	0.2639
10042.5	0.2590
10064.5	0.2542
10086.5	0.2542
10108.5	0.2493
10134.5	0.2493
10156.5	0.2493
10178.5	0.2493
10200.5	0.2493
10222.5	0.2493
10247.5	0.2444
10269.5	0.2395
10291.5	0.2395
10313.5	0.2346
10335.5	0.2346
10357.5	0.2346
10379.5	0.2346
10401.5	0.2346
10423.5	0.2346
10445.5	0.2297
10467.5	0.2297
10489.5	0.2248
10511.5	0.2248
10533.5	0.2248
10555.5	0.2248
10577.5	0.2199
10599.5	0.2199
10621.5	0.2151
10647.5	0.2151
10669.5	0.2151
10691.5	0.2151
10713.5	0.2102
10735.5	0.2102
10759.5	0.2102
10781.5	0.2102
10803.5	0.2053
10825.5	0.2004
10847.5	0.2004
10869.5	0.2004
10891.5	0.2004
10913.5	0.1955
10935.5	0.1906
10957.5	0.1906
10979.5	0.1906
11001.5	0.1906
11023.5	0.1906
11045.5	0.1906
11067.5	0.1906
11089.5	0.1906
11111.5	0.1906
11133.5	0.1857
