Program: 1 camread
Address: WL 0   BL 0
Data Pattern: 001
Read/write time: 100 ms
Form/precharge time: 200 ms
Number of read/write pulses: 1
Ground time: 100 ms

57.5	3.0010
79.5	3.0010
101.5	2.9961
123.5	2.9961
149.5	2.9961
171.5	2.9961
193.5	2.9961
215.5	2.9961
237.5	2.9961
263.0	2.9961
284.5	2.9961
306.5	2.9961
328.5	2.9961
350.5	2.9961
372.5	3.0010
394.5	2.9961
422.5	3.0010
444.5	2.9961
466.5	2.9961
488.5	2.9961
510.5	3.0010
537.5	2.9961
559.5	2.9961
581.5	2.9961
603.5	2.9961
625.5	2.9961
647.0	3.0010
668.5	2.9961
690.5	2.9961
712.5	2.9961
734.5	2.9961
756.5	2.9961
778.5	2.9961
800.5	2.9961
822.5	2.9961
844.5	2.9961
866.5	2.9961
888.5	2.9961
910.5	2.9961
932.5	2.9961
954.5	2.9961
976.5	2.9961
998.5	2.9961
1020.5	2.9961
1046.5	3.0010
1068.5	2.9961
1090.5	2.9961
1112.5	2.9961
1134.5	2.9961
1159.5	2.9961
1181.5	2.9961
1203.5	2.9961
1225.5	2.9961
1247.5	2.9961
1269.5	3.0010
1291.5	2.9961
1313.5	2.9961
1335.5	2.9961
1357.5	2.9961
1379.5	2.9961
1401.5	2.9912
1428.5	2.9961
1450.5	2.9961
1472.5	3.0010
1494.5	3.0010
1516.5	2.9961
1543.5	2.9961
1565.5	2.9961
1587.5	2.9961
1609.5	2.9961
1631.5	2.9961
1653.5	2.9961
1675.5	2.9912
1697.5	2.9961
1719.5	3.0010
1741.5	2.9961
1763.5	2.9961
1785.5	2.9961
1807.5	2.9961
1829.5	2.9961
1851.5	2.9961
1873.5	2.9961
1895.5	3.0010
1917.5	3.0010
1943.5	2.9961
1965.5	2.9961
1987.5	2.9961
2009.5	2.9961
2031.5	2.9961
2055.5	2.9961
2077.5	2.9961
2099.5	2.9961
2121.5	3.0010
2143.5	3.0010
2165.5	2.9961
2187.0	2.9961
2208.5	2.9961
2230.5	2.9961
2252.5	2.9961
2274.5	2.9961
2296.5	3.0010
2318.5	3.0010
2340.5	2.9961
2362.5	2.9961
2384.5	2.9961
2406.5	2.9961
2428.5	2.9961
2455.5	2.9961
2477.5	2.9961
2499.5	2.9961
2521.5	3.0010
2543.5	2.9961
2567.5	2.9961
2589.5	2.9961
2611.5	2.9961
2633.5	2.9961
2655.5	2.9961
2677.5	2.9961
2699.5	2.9912
2721.5	3.0010
2743.5	2.9961
2765.5	2.9961
2787.5	2.9961
2809.5	2.9961
2831.0	2.9961
2852.5	2.9961
2874.5	2.9912
2896.5	3.0010
2918.5	3.0010
2940.5	3.0010
2966.0	2.9961
2987.5	2.9961
3009.5	2.9961
3031.5	2.9961
3053.5	2.9961
3079.0	2.9961
3100.5	2.9961
3122.5	2.9961
3144.5	3.0010
3166.5	2.9961
3188.5	2.9961
3210.5	2.9961
3232.5	2.9961
3254.5	2.9961
3276.5	2.9961
3298.5	2.9961
3320.5	3.0010
3342.5	2.9961
3364.5	2.9961
3386.5	2.9961
3408.5	2.9961
3430.5	2.9961
3452.5	2.9961
3478.5	2.9961
3500.5	2.9961
3522.5	2.9961
3544.5	3.0010
3566.5	2.9961
3591.5	2.9961
3613.5	2.9961
3635.5	2.9961
3657.5	2.9961
3679.5	2.9961
3701.5	2.9961
3723.0	2.9961
3744.5	3.0010
3766.5	2.9961
3788.5	2.9961
3810.5	2.9961
3832.5	2.9961
3854.5	2.9961
3876.5	2.9961
3898.5	2.9961
3920.5	3.0010
3942.5	2.9961
3964.5	3.0010
3991.5	2.9961
4013.5	2.9961
4035.5	2.9961
4057.5	2.9961
4079.5	2.9961
4103.5	2.9961
4125.5	2.9961
4147.5	2.9961
4169.5	2.9961
4191.5	2.9961
4213.5	2.9961
4235.5	2.9961
4257.5	2.9961
4279.5	2.9961
4301.5	2.9961
4323.5	2.9912
4345.5	3.0010
4367.5	2.9961
4389.5	2.9961
4411.5	2.9961
4433.5	2.9961
4455.5	2.9961
4477.5	2.9961
4504.5	2.9961
4526.5	2.9961
4548.5	2.9961
4570.5	3.0010
4592.5	3.0010
4615.0	2.9961
4636.5	2.9961
4658.5	2.9961
4680.5	2.9961
4702.5	2.9961
4724.5	2.9961
4746.5	2.9961
4768.5	3.0010
4790.5	2.9961
4812.5	2.9961
4834.5	2.9961
4856.5	2.9961
4878.5	2.9961
4900.5	2.9961
4922.5	2.9912
4944.5	3.0010
4966.5	2.9961
4988.5	3.0010
5014.5	2.9961
5036.5	2.9961
5058.5	2.9961
5080.5	2.9961
5102.5	2.9961
5127.5	2.9961
5149.5	2.9961
5171.5	2.9961
5193.5	2.9961
5215.5	2.9961
5237.5	2.9961
5259.5	2.9961
5281.5	2.9961
5303.5	2.9961
5325.5	2.9961
5347.5	2.9961
5369.5	3.0010
5391.5	2.9961
5413.5	2.9961
5435.5	2.9961
5457.5	2.9912
5479.5	2.9961
5501.5	2.9961
5527.5	2.9961
5549.5	2.9912
5571.5	2.9961
5593.5	3.0010
5615.5	2.9961
5639.5	2.9961
5661.5	2.9961
5683.5	2.9961
5705.5	2.9961
5727.5	2.9961
5749.5	2.9961
5771.5	2.9961
5793.5	3.0010
5815.5	2.9961
5837.5	2.9961
5859.5	2.9961
5881.5	2.9961
5903.5	2.9961
5925.5	2.9961
5947.5	2.9961
5969.5	2.9961
5991.5	2.9961
6013.5	3.0010
6040.5	2.9961
6062.5	2.9961
6084.5	2.9961
6106.5	2.9961
6128.5	2.9961
6151.5	2.9961
6173.5	2.9961
6195.5	2.9961
6217.5	3.0010
6239.5	2.9961
6261.5	2.9961
6283.5	2.9961
6305.5	2.9961
6327.5	2.9961
6349.5	2.9961
6371.5	2.9912
6393.5	2.9961
6415.0	2.9961
6436.5	2.9961
6458.5	2.9961
6480.5	2.9961
6502.5	2.9961
6524.5	2.9961
6550.5	2.9961
6572.5	2.9961
6594.5	3.0010
6616.5	3.0010
6638.5	2.9961
6663.5	2.9961
6685.5	2.9961
6707.5	2.9961
6729.5	2.9961
6751.5	2.9961
6773.5	2.9961
6795.5	2.9961
6817.5	3.0010
6839.5	2.9961
6861.5	2.9961
6883.5	2.9961
6905.5	2.9912
6927.5	2.9961
6949.5	2.9961
6971.5	2.9961
6993.5	3.0010
7015.5	2.9961
7037.5	3.0010
7063.5	2.9961
7085.5	2.9961
7107.5	2.9961
7129.5	2.9961
7151.5	2.9961
7175.5	2.9961
7197.5	2.9961
7219.5	2.9961
7241.5	2.9961
7263.5	2.9961
7285.5	2.9961
7307.0	2.9961
7328.5	2.9961
7350.5	2.9961
7372.5	2.9912
7394.5	2.9961
7416.5	2.9961
7438.5	2.9961
7460.5	2.9961
7482.5	2.9961
7504.5	2.9961
7526.5	2.9961
7548.5	2.9961
7575.5	2.9912
7597.5	2.9912
7619.5	2.9961
7641.5	3.0010
7663.5	2.9961
7687.5	2.9912
7709.5	2.9961
7731.5	2.9961
7753.5	2.9961
7775.5	2.9961
7797.5	2.9912
7819.5	2.9961
7841.5	3.0010
7863.5	2.9961
7885.5	2.9961
7907.5	2.9961
7929.5	2.9912
7951.0	2.9961
7972.5	2.9912
7994.5	2.9961
8016.5	3.0010
8038.5	2.9961
8060.5	2.9961
8086.0	2.9961
8107.5	2.9961
8129.5	2.9961
8151.5	2.9961
8173.5	2.9961
8199.0	2.9961
8220.5	2.9961
8242.5	3.0010
8264.5	2.9961
8286.5	2.9912
8308.5	2.9961
8330.5	2.9961
8352.5	2.9961
8374.5	2.9961
8396.5	2.9912
8418.5	2.9961
8440.5	2.9961
8462.5	2.9961
8484.5	2.9961
8506.5	2.9961
8528.5	2.9912
8550.5	2.9961
8572.5	2.9961
8598.5	2.9961
8620.5	2.9912
8642.5	2.9961
8664.5	2.9961
8686.5	2.9961
8711.5	2.9961
8733.5	2.9961
8755.5	2.9961
8777.5	2.9912
8799.5	2.9961
8821.5	2.9912
8843.0	3.0010
8864.5	2.9961
8886.5	2.9961
8908.5	2.9961
8930.5	2.9961
8952.5	2.9961
8974.5	2.9961
8996.5	2.9912
9018.5	2.9961
9040.5	3.0010
9062.5	2.9961
9084.5	2.9961
9111.5	2.9961
9133.5	2.9961
9155.5	2.9961
9177.5	2.9961
9199.5	2.9912
9223.5	2.9961
9245.5	2.9912
9267.5	2.9961
9289.5	2.9961
9311.5	2.9961
9333.5	2.9961
9355.5	2.9961
9377.5	2.9912
9399.5	2.9961
9421.5	2.9961
9443.5	2.9961
9465.5	2.9961
9487.5	2.9961
9509.5	2.9961
9531.5	2.9961
9553.5	2.9961
9575.5	2.9961
9597.5	2.9961
9624.5	2.9961
9646.5	2.9961
9668.5	2.9961
9690.5	2.9961
9712.5	2.9961
9735.0	2.9961
9756.5	2.9961
9778.5	2.9961
9800.5	2.9961
9822.5	2.9961
9844.5	2.9961
9866.5	3.0010
9888.5	2.9961
9910.5	2.9912
9932.5	2.9961
9954.5	2.9961
9976.5	2.9912
9998.5	2.9961
10020.5	2.9912
10042.5	2.9961
10064.5	2.9961
10086.5	2.9961
10108.5	2.9961
10134.5	2.9961
10156.5	2.9961
10178.5	2.9961
10200.5	2.9961
10222.5	2.9961
10247.5	2.9961
10269.5	2.9912
10291.5	3.0010
10313.5	2.9961
10335.5	2.9961
10357.5	2.9912
10379.5	2.9961
10401.5	2.9912
10423.5	2.9961
10445.5	2.9961
10467.5	2.9961
10489.5	3.0010
10511.5	2.9961
10533.5	2.9961
10555.5	2.9961
10577.5	2.9961
10599.5	2.9912
10621.5	2.9961
10647.5	2.9961
10669.5	2.9961
10691.5	2.9961
10713.5	2.9961
10735.5	2.9961
10759.5	2.9912
10781.5	2.9961
10803.5	2.9961
10825.5	2.9912
10847.5	2.9961
10869.5	2.9912
10891.5	2.9961
10913.5	2.9961
10935.5	2.9961
10957.5	2.9912
10979.5	2.9961
11001.5	2.9912
11023.5	2.9912
11045.5	2.9912
11067.5	2.9961
11089.5	2.9961
11111.5	2.9912
11133.5	2.9961
