79.0	0.2639
101.0	0.2639
123.0	0.2639
148.5	0.2639
170.0	0.2590
192.0	0.2639
214.0	0.2639
236.0	0.2639
262.5	0.2639
283.5	0.2639
305.0	0.2639
327.0	0.2639
349.0	0.2639
371.0	0.2639
393.0	0.2639
415.0	0.2639
437.0	0.2639
459.0	0.2639
481.0	0.2639
503.0	0.2639
525.0	0.2639
547.0	0.2639
569.0	0.2639
591.0	0.2639
613.0	0.2639
635.0	0.2639
661.0	0.2639
683.0	0.2639
705.0	0.2639
727.0	0.2639
749.0	0.2639
775.5	0.2639
796.5	0.2639
818.0	0.2639
840.0	0.2639
862.0	0.2639
884.0	0.2639
906.0	0.2639
928.0	0.2639
950.0	0.2639
972.0	0.2639
994.0	0.2639
1016.0	0.2639
1038.0	0.2639
1060.0	0.2639
1082.0	0.2639
1104.0	0.2639
1126.0	0.2639
1148.0	0.2639
1174.0	0.2639
1196.0	0.2639
1218.0	0.2639
1240.0	0.2639
1262.0	0.2688
1287.5	0.2639
1309.0	0.2639
1331.0	0.2639
1353.0	0.2639
1375.0	0.2639
1397.0	0.2639
1419.0	0.2688
1441.0	0.2639
1463.0	0.2639
1485.0	0.2639
1507.0	0.2639
1529.0	0.2639
1551.0	0.2639
1573.0	0.2688
1595.0	0.2639
1617.0	0.2639
1639.0	0.2639
1661.0	0.2639
1687.0	0.2639
1709.0	0.2639
1731.0	0.2639
1753.0	0.2688
1775.0	0.2639
1799.5	0.2639
1821.0	0.2688
1843.0	0.2688
1865.0	0.2639
1887.0	0.2639
1909.0	0.2639
1930.5	0.2688
1952.0	0.2688
1974.0	0.2688
1996.0	0.2688
2018.0	0.2688
2040.0	0.2688
2062.0	0.2639
2084.0	0.2688
2106.0	0.2688
2128.0	0.2688
2150.0	0.2688
2172.0	0.2688
2199.0	0.2688
2221.0	0.2688
2243.0	0.2688
2265.0	0.2688
2287.0	0.2688
2311.0	0.2688
2333.0	0.2688
2355.0	0.2688
2377.0	0.2688
2399.0	0.2688
2421.0	0.2688
2443.0	0.2688
2465.0	0.2688
2487.0	0.2737
2509.0	0.2688
2531.0	0.2688
2553.0	0.2688
2575.0	0.2688
2597.0	0.2688
2619.0	0.2737
2641.0	0.2737
2663.0	0.2688
2685.0	0.2737
2712.0	0.2688
2734.0	0.2737
2756.0	0.2737
2778.0	0.2737
2800.0	0.2737
2823.5	0.2737
2845.0	0.2737
2867.0	0.2737
2889.0	0.2737
2911.0	0.2737
2933.0	0.2737
2955.0	0.2737
2977.0	0.2737
2999.0	0.2737
3021.0	0.2737
3043.0	0.2737
3065.0	0.2737
3086.5	0.2737
3108.0	0.2737
3130.0	0.2737
3152.0	0.2737
3174.0	0.2737
3196.0	0.2737
3221.5	0.2737
3243.0	0.2737
3265.0	0.2737
3287.0	0.2737
3309.0	0.2737
3335.5	0.2737
3356.5	0.2737
3378.0	0.2737
3400.0	0.2737
3422.0	0.2737
3444.0	0.2737
3466.0	0.2737
3488.0	0.2737
3510.0	0.2786
3532.0	0.2737
3554.0	0.2737
3576.0	0.2737
3598.0	0.2737
3620.0	0.2737
3642.0	0.2786
3664.0	0.2737
3686.0	0.2786
3708.0	0.2786
3734.0	0.2737
3756.0	0.2786
3778.0	0.2786
3800.0	0.2786
3822.0	0.2786
3847.5	0.2786
3869.0	0.2786
3891.0	0.2786
3913.0	0.2786
3935.0	0.2786
3957.0	0.2786
3979.0	0.2786
4001.0	0.2786
4023.0	0.2786
4045.0	0.2786
4067.0	0.2786
4089.0	0.2786
4111.0	0.2786
4133.0	0.2786
4155.0	0.2786
4177.0	0.2786
4199.0	0.2786
4221.0	0.2786
4247.0	0.2786
4269.0	0.2786
4291.0	0.2786
4313.0	0.2786
4335.0	0.2786
4359.5	0.2786
4381.0	0.2786
4403.0	0.2786
4425.0	0.2786
4447.0	0.2786
4469.0	0.2786
4490.5	0.2786
4512.0	0.2786
4534.0	0.2786
4556.0	0.2786
4578.0	0.2786
4600.0	0.2786
4622.0	0.2786
4644.0	0.2786
4666.0	0.2786
4688.0	0.2786
4710.0	0.2786
4732.0	0.2786
4759.0	0.2786
4781.0	0.2786
4803.0	0.2786
4825.0	0.2786
4847.0	0.2786
4871.0	0.2786
4893.0	0.2835
4915.0	0.2835
4937.0	0.2786
4959.0	0.2835
4981.0	0.2835
5003.0	0.2835
5025.0	0.2835
5047.0	0.2884
5069.0	0.2884
5091.0	0.2835
5113.0	0.2835
5135.0	0.2884
5157.0	0.2884
5179.0	0.2884
5201.0	0.2884
5223.0	0.2884
5245.0	0.2884
5272.0	0.2884
5294.0	0.2884
5316.0	0.2884
5338.0	0.2884
5360.0	0.2884
5383.5	0.2933
5405.0	0.2884
5427.0	0.2884
5449.0	0.2884
5471.0	0.2884
5493.0	0.2884
5515.0	0.2884
5537.0	0.2933
5559.0	0.2933
5581.0	0.2884
5603.0	0.2933
5625.0	0.2933
5646.5	0.2933
5668.0	0.2933
5690.0	0.2933
5712.0	0.2933
5734.0	0.2933
5756.0	0.2933
5781.5	0.2933
5803.0	0.2933
5825.0	0.2933
5847.0	0.2933
5869.0	0.2933
5895.5	0.2933
5916.5	0.2933
5938.0	0.2933
5960.0	0.2933
5982.0	0.2933
6004.0	0.2933
6026.0	0.2933
6048.0	0.2981
6070.0	0.2933
6092.0	0.2933
6114.0	0.2933
6136.0	0.2933
6158.0	0.2933
6180.0	0.2933
6202.0	0.2981
6224.0	0.2933
6246.0	0.2981
6268.0	0.2933
6294.0	0.2933
6316.0	0.2933
6338.0	0.2981
6360.0	0.2981
6382.0	0.2981
6407.5	0.2981
6429.0	0.2981
6451.0	0.2981
6473.0	0.2981
6495.0	0.2981
6517.0	0.2981
6539.0	0.2981
6561.0	0.2981
6583.0	0.2981
6605.0	0.2981
6627.0	0.2981
6649.0	0.2981
6671.0	0.2981
6693.0	0.3030
6715.0	0.3030
6737.0	0.3030
6759.0	0.3030
6781.0	0.3030
6807.0	0.3030
6829.0	0.3030
6851.0	0.3030
6873.0	0.3030
6895.0	0.3030
6919.5	0.3030
6941.0	0.3030
6963.0	0.3030
6985.0	0.3030
7007.0	0.3030
7029.0	0.3030
7050.5	0.3030
7072.0	0.3030
7094.0	0.3030
7116.0	0.3030
7138.0	0.3030
7160.0	0.3030
7182.0	0.3030
7204.0	0.3030
7226.0	0.3030
7248.0	0.3030
7270.0	0.3030
7292.0	0.3079
7319.0	0.3030
7341.0	0.3030
7363.0	0.3030
7385.0	0.3030
7407.0	0.3079
7431.0	0.3079
7453.0	0.3079
7475.0	0.3079
7497.0	0.3030
7519.0	0.3079
7541.0	0.3079
7563.0	0.3079
7585.0	0.3079
7607.0	0.3079
7629.0	0.3079
7651.0	0.3079
7673.0	0.3079
7695.0	0.3079
7717.0	0.3079
7739.0	0.3079
7761.0	0.3079
7783.0	0.3079
7805.0	0.3079
7832.0	0.3079
7854.0	0.3079
7876.0	0.3079
7898.0	0.3079
7920.0	0.3079
7943.5	0.3079
7965.0	0.3079
7987.0	0.3079
8009.0	0.3079
8031.0	0.3079
8053.0	0.3079
8075.0	0.3079
8097.0	0.3079
8119.0	0.3079
8141.0	0.3079
8163.0	0.3079
8185.0	0.3079
8206.5	0.3079
8228.0	0.3079
8250.0	0.3079
8272.0	0.3079
8294.0	0.3079
8316.0	0.3079
8341.5	0.3079
8363.0	0.3079
8385.0	0.3079
8407.0	0.3079
8429.0	0.3079
8455.5	0.3079
8476.5	0.3079
8498.0	0.3079
8520.0	0.3079
8542.0	0.3079
8564.0	0.3079
8586.0	0.3079
8608.0	0.3079
8630.0	0.3079
8652.0	0.3079
8674.0	0.3079
8696.0	0.3079
8718.0	0.3079
8740.0	0.3079
8762.0	0.3079
8784.0	0.3079
8806.0	0.3079
8828.0	0.3079
8854.0	0.3079
8876.0	0.3079
8898.0	0.3079
8920.0	0.3079
8942.0	0.3079
8967.5	0.3079
8989.0	0.3079
9011.0	0.3079
9033.0	0.3079
9055.0	0.3079
9077.0	0.3079
9099.0	0.3079
9121.0	0.3079
9143.0	0.3079
9165.0	0.3079
9187.0	0.3079
9209.0	0.3079
9231.0	0.3079
9253.0	0.3079
9275.0	0.3079
9297.0	0.3079
9319.0	0.3079
9341.0	0.3079
9367.0	0.3079
9389.0	0.3079
9411.0	0.3079
9433.0	0.3079
9455.0	0.3079
9479.5	0.3079
9501.0	0.3079
9523.0	0.3079
9545.0	0.3079
9567.0	0.3079
9589.0	0.3079
9610.5	0.3079
9632.0	0.3079
9654.0	0.3079
9676.0	0.3079
9698.0	0.3079
9720.0	0.3079
9742.0	0.3079
9764.0	0.3079
9786.0	0.3079
9808.0	0.3079
9830.0	0.3030
9852.0	0.3079
9879.0	0.3079
9901.0	0.3079
9923.0	0.3079
9945.0	0.3079
9967.0	0.3079
9991.0	0.3079
10013.0	0.3079
10035.0	0.3030
10057.0	0.3079
10079.0	0.3079
10101.0	0.3079
10123.0	0.3079
10145.0	0.3079
10167.0	0.3079
10189.0	0.3030
10211.0	0.3079
10233.0	0.3079
10255.0	0.3079
10277.0	0.3079
10299.0	0.3079
10321.0	0.3079
10343.0	0.3030
10365.0	0.3030
10392.0	0.3030
10414.0	0.3079
10436.0	0.3079
10458.0	0.3079
10480.0	0.3030
10503.5	0.3079
10525.0	0.3030
10547.0	0.3030
10569.0	0.3030
10591.0	0.3030
10613.0	0.3079
10635.0	0.3030
10657.0	0.3079
10679.0	0.3030
10701.0	0.3030
10723.0	0.3030
10745.0	0.3030
10766.5	0.3030
10788.0	0.3030
10810.0	0.3030
10832.0	0.3030
10854.0	0.3030
10876.0	0.3030
10901.5	0.3030
10923.0	0.3030
10945.0	0.3030
10967.0	0.3030
10989.0	0.3030
11015.5	0.3030
11036.5	0.3030
11058.0	0.3030
11080.0	0.3030
11102.0	0.3030
11124.0	0.3030
