57.5	0.0000
79.5	0.0000
107.5	0.0000
134.0	0.0000
155.5	0.0000
177.5	0.0000
199.5	0.0000
221.5	0.0000
243.5	0.0000
265.5	0.0000
287.5	0.0000
309.5	0.0000
331.5	0.0000
353.5	0.0000
375.5	0.0000
397.0	0.0000
418.5	0.0000
440.5	0.0000
462.5	0.0000
484.5	0.0000
506.5	0.0000
528.5	0.0000
550.5	0.0000
572.5	0.0000
594.5	0.0000
616.5	0.0000
638.5	0.0000
665.5	0.0000
687.5	0.0000
709.5	0.0000
731.5	0.0000
753.5	0.0000
775.0	0.0000
796.5	0.0000
818.5	0.0000
840.5	0.0000
862.5	0.0000
884.5	0.0000
906.5	0.0000
928.5	0.0000
950.5	0.0000
972.5	0.0000
994.5	0.0000
1016.5	0.0000
1038.5	0.0000
1060.5	0.0000
1082.5	0.0000
1104.5	0.0000
1132.5	0.0000
1159.0	0.0000
1180.0	0.0000
1201.5	0.0000
1223.5	0.0000
1245.5	0.0000
1267.5	0.0000
1289.5	0.0000
1311.5	0.0000
1333.5	0.0000
1355.5	0.0000
1377.5	0.0000
1399.5	0.0000
1421.5	0.0000
1443.5	0.0000
1465.5	0.0000
1487.5	0.0000
1509.5	0.0000
1531.5	0.0000
1557.5	0.0000
1579.5	0.0000
1601.5	0.0000
1623.5	0.0000
1645.5	0.0000
1671.0	0.0000
1692.5	0.0000
1714.5	0.0000
1736.5	0.0000
1758.5	0.0000
1780.5	0.0000
1802.5	0.0000
1824.5	0.0000
1846.5	0.0000
1868.5	0.0000
1890.5	0.0000
1912.5	0.0000
1934.5	0.0000
1956.5	0.0000
1978.5	0.0000
2000.5	0.0000
2022.5	0.0000
2044.5	0.0000
2070.5	0.0000
2092.5	0.0000
2114.5	0.0000
2136.5	0.0000
2158.5	0.0000
2183.5	0.0000
2205.5	0.0000
2227.5	0.0000
2249.5	0.0000
2271.5	0.0000
2293.5	0.0000
2315.5	0.0000
2337.5	0.0000
2359.5	0.0000
2381.5	0.0000
2403.5	0.0000
2425.5	0.0000
2447.5	0.0000
2469.5	0.0000
2491.5	0.0000
2513.5	0.0000
2535.5	0.0000
2557.5	0.0000
2583.5	0.0000
2605.5	0.0000
2627.5	0.0000
2649.5	0.0000
2671.5	0.0000
2695.5	0.0000
2717.5	0.0000
2739.5	0.0000
2761.5	0.0000
2783.5	0.0000
2805.5	0.0000
2827.0	0.0000
2848.5	0.0000
2870.5	0.0000
2892.5	0.0000
2914.5	0.0000
2936.5	0.0000
2958.5	0.0000
2980.5	0.0000
3002.5	0.0000
3024.5	0.0000
3046.5	0.0000
3068.5	0.0000
3095.5	0.0000
3117.5	0.0000
3139.5	0.0000
3161.5	0.0000
3183.5	0.0000
3207.5	0.0000
3229.5	0.0000
3251.5	0.0000
3273.5	0.0000
3295.5	0.0000
3317.5	0.0000
3339.5	0.0000
3361.5	0.0000
3383.5	0.0000
3405.5	0.0000
3427.5	0.0000
3449.5	0.0000
3471.5	0.0000
3493.5	0.0000
3515.5	0.0000
3537.5	0.0000
3559.5	0.0000
3581.5	0.0000
3608.5	0.0000
3630.5	0.0000
3652.5	0.0000
3674.5	0.0000
3696.5	0.0000
3719.5	0.0000
3741.5	0.0000
3763.5	0.0000
3785.5	0.0000
3807.5	0.0000
3829.5	0.0000
3851.5	0.0000
3873.5	0.0000
3895.5	0.0000
3917.5	0.0000
3939.5	0.0000
3961.5	0.0000
3983.0	0.0000
4004.5	0.0000
4026.5	0.0000
4048.5	0.0000
4070.5	0.0000
4092.5	0.0000
4118.0	0.0000
4139.5	0.0000
4161.5	0.0000
4183.5	0.0000
4205.5	0.0000
4231.0	0.0000
4252.5	0.0000
4274.5	0.0000
4296.5	0.0000
4318.5	0.0000
4340.5	0.0000
4362.5	0.0000
4384.5	0.0000
4406.5	0.0000
4428.5	0.0000
4450.5	0.0000
4472.5	0.0000
4494.5	0.0000
4516.5	0.0000
4538.5	0.0000
4560.5	0.0000
4582.5	0.0000
4604.5	0.0000
4630.5	0.0000
4652.5	0.0000
4674.5	0.0000
4696.5	0.0000
4718.5	0.0000
4743.5	0.0000
4765.5	0.0000
4787.5	0.0000
4809.5	0.0000
4831.5	0.0000
4853.5	0.0000
4875.5	0.0000
4897.5	0.0000
4919.5	0.0000
4941.5	0.0000
4963.5	0.0000
4985.5	0.0000
5007.5	0.0000
5029.5	0.0000
5051.5	0.0000
5073.5	0.0000
5095.5	0.0000
5117.5	0.0000
5143.5	0.0000
5165.5	0.0000
5187.5	0.0000
5209.5	0.0000
5231.5	0.0000
5255.5	0.0000
5277.5	0.0000
5299.5	0.0000
5321.5	0.0000
5343.5	0.0000
5365.5	0.0000
5387.0	0.0000
5408.5	0.0000
5430.5	0.0000
5452.5	0.0000
5474.5	0.0000
5496.5	0.0000
5518.5	0.0000
5540.5	0.0000
5562.5	0.0000
5584.5	0.0000
5606.5	0.0000
5628.5	0.0000
5655.5	0.0000
5677.5	0.0000
5699.5	0.0000
5721.5	0.0000
5743.5	0.0000
5767.5	0.0000
5789.5	0.0000
5811.5	0.0000
5833.5	0.0000
5855.5	0.0000
5877.5	0.0000
5899.5	0.0000
5921.5	0.0000
5943.5	0.0000
5965.5	0.0000
5987.5	0.0000
6009.5	0.0000
6031.5	0.0000
6053.5	0.0000
6075.5	0.0000
6097.5	0.0000
6119.5	0.0000
6141.5	0.0000
6168.5	0.0000
6190.5	0.0000
6212.5	0.0000
6234.5	0.0000
6256.5	0.0000
6279.0	0.0000
6300.5	0.0000
6322.5	0.0000
6344.5	0.0000
6366.5	0.0000
6388.5	0.0000
6410.5	0.0000
6432.5	0.0000
6454.5	0.0000
6476.5	0.0000
6498.5	0.0000
6520.5	0.0000
6542.5	0.0000
6564.5	0.0000
6586.5	0.0000
6608.5	0.0000
6630.5	0.0000
6652.5	0.0000
6678.5	0.0000
6700.5	0.0000
6722.5	0.0000
6744.5	0.0000
6766.5	0.0000
6791.5	0.0000
6813.5	0.0000
6835.5	0.0000
6857.5	0.0000
6879.5	0.0000
6901.5	0.0000
6923.5	0.0000
6945.5	0.0000
6967.5	0.0000
6989.5	0.0000
7011.5	0.0000
7033.5	0.0000
7055.5	0.0000
7077.5	0.0000
7099.5	0.0000
7121.5	0.0000
7143.5	0.0000
7165.5	0.0000
7191.5	0.0000
7213.5	0.0000
7235.5	0.0000
7257.5	0.0000
7279.5	0.0000
7303.5	0.0000
7325.5	0.0000
7347.5	0.0000
7369.5	0.0000
7391.5	0.0000
7413.5	0.0000
7435.0	0.0000
7456.5	0.0000
7478.5	0.0000
7500.5	0.0000
7522.5	0.0000
7544.5	0.0000
7566.5	0.0000
7588.5	0.0000
7610.5	0.0000
7632.5	0.0000
7654.5	0.0000
7676.5	0.0000
7703.5	0.0000
7725.5	0.0000
7747.5	0.0000
7769.5	0.0000
7791.5	0.0000
7815.5	0.0000
7837.5	0.0000
7859.5	0.0000
7881.5	0.0000
7903.5	0.0000
7925.5	0.0000
7947.5	0.0000
7969.5	0.0000
7991.5	0.0000
8013.5	0.0000
8035.5	0.0000
8057.5	0.0000
8079.5	0.0000
8101.5	0.0000
8123.5	0.0000
8145.5	0.0000
8167.5	0.0000
8189.5	0.0000
8216.5	0.0000
8238.5	0.0000
8260.5	0.0000
8282.5	0.0000
8304.5	0.0000
8327.5	0.0000
8349.5	0.0000
8371.5	0.0000
8393.5	0.0000
8415.5	0.0000
8437.5	0.0000
8459.5	0.0000
8481.5	0.0000
8503.5	0.0000
8525.5	0.0000
8547.5	0.0000
8569.5	0.0000
8591.0	0.0000
8612.5	0.0000
8634.5	0.0000
8656.5	0.0000
8678.5	0.0000
8700.5	0.0000
8726.0	0.0000
8747.5	0.0000
8769.5	0.0000
8791.5	0.0000
8813.5	0.0000
8839.0	0.0000
8860.5	0.0000
8882.5	0.0000
8904.5	0.0000
8926.5	0.0000
8948.5	0.0000
8970.5	0.0000
8992.5	0.0000
9014.5	0.0000
9036.5	0.0000
9058.5	0.0000
9080.5	0.0000
9102.5	0.0000
9124.5	0.0000
9146.5	0.0000
9168.5	0.0000
9190.5	0.0000
9212.5	0.0000
9238.5	0.0000
9260.5	0.0000
9282.5	0.0000
9304.5	0.0000
9326.5	0.0000
9351.5	0.0000
9373.5	0.0000
9395.5	0.0000
9417.5	0.0000
9439.5	0.0000
9461.5	0.0000
9483.5	0.0000
9505.5	0.0000
9527.5	0.0000
9549.5	0.0000
9571.5	0.0000
9593.5	0.0000
9615.5	0.0000
9637.5	0.0000
9659.5	0.0000
9681.5	0.0000
9703.5	0.0000
9725.5	0.0000
9751.5	0.0000
9773.5	0.0000
9795.5	0.0000
9817.5	0.0000
9839.5	0.0000
9863.5	0.0000
9885.5	0.0000
9907.5	0.0000
9929.5	0.0000
9951.5	0.0000
9973.5	0.0000
9995.0	0.0000
10016.5	0.0000
10038.5	0.0000
10060.5	0.0000
10082.5	0.0000
10104.5	0.0000
10126.5	0.0000
10148.5	0.0000
10170.5	0.0000
10192.5	0.0000
10214.5	0.0000
10236.5	0.0000
10263.5	0.0000
10285.5	0.0000
10307.5	0.0000
10329.5	0.0000
10351.5	0.0000
10375.5	0.0000
10397.5	0.0000
10419.5	0.0000
10441.5	0.0000
10463.5	0.0000
10485.5	0.0000
10507.5	0.0000
10529.5	0.0000
10551.5	0.0000
10573.5	0.0000
10595.5	0.0000
10617.5	0.0000
10639.5	0.0000
10661.5	0.0000
10683.5	0.0000
10705.5	0.0000
10727.5	0.0000
10749.5	0.0000
10776.5	0.0000
10798.5	0.0000
10820.5	0.0000
10842.5	0.0000
10864.5	0.0000
10887.5	0.0000
10909.5	0.0000
10931.5	0.0000
10953.5	0.0000
10975.5	0.0000
10997.5	0.0000
11019.5	0.0000
11041.5	0.0000
11063.5	0.0000
11085.5	0.0000
11107.5	0.0000
11129.5	0.0000
