Program: 1 camread
Address: WL 0   BL 0
Data Pattern: 000
Read/write time: 100 ms
Form/precharge time: 200 ms
Number of read/write pulses: 1

79.5	1.5005
101.5	1.5005
123.5	1.5005
150.5	1.5054
172.5	1.5054
194.5	1.5054
216.5	1.5054
238.5	1.5103
263.5	1.5103
285.5	1.5152
307.5	1.5152
329.5	1.5152
351.5	1.5152
373.5	1.5152
395.5	1.5152
417.5	1.5152
439.5	1.5152
461.5	1.5152
483.5	1.5152
505.5	1.5152
527.5	1.5152
549.5	1.5152
571.5	1.5152
593.5	1.5152
615.5	1.5152
637.5	1.5152
664.5	1.5152
686.5	1.5103
708.5	1.5103
730.5	1.5103
752.5	1.5103
775.5	1.5054
797.5	1.5054
819.5	1.5054
841.5	1.5054
863.5	1.5005
885.5	1.5005
907.5	1.5005
933.5	1.5005
955.5	1.5005
977.5	1.5005
999.5	1.4956
1021.5	1.4956
1048.5	1.4907
1070.5	1.4907
1092.5	1.4907
1114.5	1.4907
1136.5	1.4907
1159.5	1.4858
1181.5	1.4858
1203.5	1.4858
1225.5	1.4809
1247.5	1.4809
1269.5	1.4809
1291.5	1.4761
1313.5	1.4761
1335.5	1.4712
1357.5	1.4663
1379.5	1.4663
1401.5	1.4663
1423.5	1.4663
1445.5	1.4663
1467.5	1.4614
1489.5	1.4614
1511.5	1.4516
1533.5	1.4516
1560.5	1.4467
1582.5	1.4418
1604.5	1.4418
1626.5	1.4418
1648.5	1.4418
1671.5	1.4418
1693.5	1.4370
1715.5	1.4370
1737.5	1.4321
1759.5	1.4272
1781.5	1.4223
1803.5	1.4223
1825.5	1.4223
1847.5	1.4223
1869.5	1.4174
1891.5	1.4125
1913.5	1.4076
1935.5	1.4076
1957.5	1.4027
1979.5	1.4027
2001.5	1.4027
2023.5	1.3978
2045.5	1.3978
2072.5	1.3881
2094.5	1.3881
2116.5	1.3881
2138.5	1.3881
2160.5	1.3832
2183.5	1.3734
2205.5	1.3734
2227.5	1.3685
2249.5	1.3685
2271.5	1.3685
2293.5	1.3636
2315.5	1.3636
2337.5	1.3587
2359.5	1.3539
2381.5	1.3490
2403.5	1.3441
2425.5	1.3441
2447.5	1.3441
2469.5	1.3441
2491.5	1.3343
2513.5	1.3343
2535.5	1.3245
2557.5	1.3245
2584.5	1.3245
2606.5	1.3196
2628.5	1.3196
2650.5	1.3148
2672.5	1.3099
2695.5	1.3099
2717.5	1.3050
2739.5	1.3050
2761.5	1.2952
2783.5	1.2952
2805.5	1.2854
2827.5	1.2854
2849.5	1.2854
2871.5	1.2854
2893.5	1.2805
2915.5	1.2805
2937.5	1.2708
2959.5	1.2708
2981.5	1.2659
3003.5	1.2659
3025.5	1.2610
3047.5	1.2561
3069.5	1.2463
3096.5	1.2463
3118.5	1.2463
3140.5	1.2463
3162.5	1.2414
3184.5	1.2414
3207.5	1.2317
3229.5	1.2317
3251.5	1.2317
3273.5	1.2268
3295.5	1.2219
3317.5	1.2170
3339.5	1.2170
3361.5	1.2121
3383.5	1.2121
3405.5	1.2072
3427.5	1.2072
3449.5	1.2023
3471.5	1.1975
3493.5	1.1926
3515.5	1.1877
3537.5	1.1877
3559.5	1.1828
3581.5	1.1779
3608.5	1.1779
3630.5	1.1730
3652.5	1.1730
3674.5	1.1730
3696.5	1.1681
3719.5	1.1632
3741.5	1.1584
3763.5	1.1535
3785.5	1.1535
3807.5	1.1486
3829.5	1.1486
3851.5	1.1388
3873.5	1.1388
3895.5	1.1290
3917.5	1.1290
3939.5	1.1290
3961.5	1.1290
3983.5	1.1290
4005.5	1.1241
4027.5	1.1144
4049.5	1.1144
4071.5	1.1095
4093.5	1.1095
4120.5	1.1046
4142.5	1.0997
4164.5	1.0997
4186.5	1.0948
4208.5	1.0948
4231.5	1.0899
4253.5	1.0850
4275.5	1.0850
4297.5	1.0802
4319.5	1.0753
4341.5	1.0753
4363.5	1.0753
4385.5	1.0704
4407.5	1.0606
4429.5	1.0606
4451.5	1.0557
4473.5	1.0557
4495.5	1.0557
4517.5	1.0557
4539.5	1.0508
4561.5	1.0459
4583.5	1.0411
4605.5	1.0362
4632.5	1.0313
4654.5	1.0313
4676.5	1.0313
4698.5	1.0264
4720.5	1.0215
4743.5	1.0166
4765.5	1.0117
4787.5	1.0117
4809.5	1.0117
4831.5	1.0068
4853.5	1.0068
4875.5	1.0020
4897.5	0.9971
4919.5	0.9971
4941.5	0.9922
4963.5	0.9922
4985.5	0.9873
5007.5	0.9824
5029.5	0.9824
5051.5	0.9726
5073.5	0.9726
5095.5	0.9726
5117.5	0.9726
5144.5	0.9677
5166.5	0.9629
5188.5	0.9629
5210.5	0.9580
5232.5	0.9531
5255.5	0.9531
5277.5	0.9482
5299.5	0.9433
5321.5	0.9433
5343.5	0.9384
5365.5	0.9384
5387.5	0.9384
5409.5	0.9335
5431.5	0.9286
5453.5	0.9286
5475.5	0.9238
5497.5	0.9189
5519.5	0.9189
5541.5	0.9189
5563.5	0.9140
5585.5	0.9091
5607.5	0.9042
5629.5	0.9042
5656.5	0.8993
5678.5	0.8993
5700.5	0.8993
5722.5	0.8993
5744.5	0.8944
5767.5	0.8895
5789.5	0.8847
5811.5	0.8798
5833.5	0.8798
5855.5	0.8749
5877.5	0.8749
5899.5	0.8749
5921.5	0.8651
5943.5	0.8651
5965.5	0.8651
5987.5	0.8651
6009.5	0.8602
6031.5	0.8602
6053.5	0.8553
6075.5	0.8504
6097.5	0.8504
6119.5	0.8504
6141.5	0.8407
6168.5	0.8407
6190.5	0.8407
6212.5	0.8358
6234.5	0.8358
6256.5	0.8309
6279.5	0.8260
6301.5	0.8260
6323.5	0.8162
6345.5	0.8162
6367.5	0.8162
6389.5	0.8162
6411.5	0.8162
6433.5	0.8113
6455.5	0.8113
6477.5	0.8016
6499.5	0.8016
6521.5	0.7967
6543.5	0.7967
6565.5	0.7967
6587.5	0.7918
6609.5	0.7869
6631.5	0.7869
6653.5	0.7869
6680.5	0.7771
6702.5	0.7771
6724.5	0.7771
6746.5	0.7771
6768.5	0.7722
6791.5	0.7722
6813.5	0.7674
6835.5	0.7674
6857.5	0.7625
6879.5	0.7625
6901.5	0.7625
6923.5	0.7576
6945.5	0.7527
6967.5	0.7478
6989.5	0.7478
7011.5	0.7478
7033.5	0.7429
7055.5	0.7429
7077.5	0.7429
7099.5	0.7429
7121.5	0.7380
7143.5	0.7331
7165.5	0.7331
7192.5	0.7331
7214.5	0.7234
7236.5	0.7185
7258.5	0.7185
7280.5	0.7185
7303.5	0.7185
7325.5	0.7185
7347.5	0.7136
7369.5	0.7087
7391.5	0.7087
7413.5	0.7038
7435.5	0.6989
7457.5	0.6989
7479.5	0.6989
7501.5	0.6989
7523.5	0.6940
7545.5	0.6940
7567.5	0.6940
7589.5	0.6891
7611.5	0.6843
7633.5	0.6843
7655.5	0.6843
7677.5	0.6843
7704.5	0.6794
7726.5	0.6794
7748.5	0.6745
7770.5	0.6696
7792.5	0.6647
7815.5	0.6598
7837.5	0.6598
7859.5	0.6598
7881.5	0.6598
7903.5	0.6598
7925.5	0.6598
7947.5	0.6549
7969.5	0.6549
7991.5	0.6500
8013.5	0.6500
8035.5	0.6452
8057.5	0.6403
8079.5	0.6403
8101.5	0.6403
8123.5	0.6403
8145.5	0.6354
8167.5	0.6354
8189.5	0.6305
8216.5	0.6305
8238.5	0.6305
8260.5	0.6207
8282.5	0.6207
8304.5	0.6207
8327.5	0.6207
8349.5	0.6207
8371.5	0.6158
8393.5	0.6158
8415.5	0.6158
8437.5	0.6109
8459.5	0.6061
8481.5	0.6061
8503.5	0.6061
8525.5	0.6061
8547.5	0.6012
8569.5	0.6012
8591.5	0.5914
8613.5	0.5914
8635.5	0.5914
8657.5	0.5914
8679.5	0.5865
8701.5	0.5865
8728.5	0.5865
8750.5	0.5865
8772.5	0.5816
8794.5	0.5816
8816.5	0.5767
8839.5	0.5767
8861.5	0.5767
8883.5	0.5718
8905.5	0.5670
8927.5	0.5670
8949.5	0.5621
8971.5	0.5621
8993.5	0.5621
9015.5	0.5621
9037.5	0.5621
9059.5	0.5572
9081.5	0.5523
9103.5	0.5523
9125.5	0.5523
9147.5	0.5474
9169.5	0.5474
9191.5	0.5474
9213.5	0.5474
9240.5	0.5425
9262.5	0.5425
9284.5	0.5425
9306.5	0.5376
9328.5	0.5376
9351.5	0.5327
9373.5	0.5327
9395.5	0.5279
9417.5	0.5279
9439.5	0.5279
9461.5	0.5279
9483.5	0.5279
9505.5	0.5230
9527.5	0.5230
9549.5	0.5230
9571.5	0.5132
9593.5	0.5132
9615.5	0.5132
9637.5	0.5132
9659.5	0.5034
9681.5	0.5034
9703.5	0.5034
9725.5	0.5034
9752.5	0.5034
9774.5	0.5034
9796.5	0.5034
9818.5	0.4985
9840.5	0.4985
9863.5	0.4985
9885.5	0.4936
9907.5	0.4936
9929.5	0.4888
9951.5	0.4888
9973.5	0.4839
9995.5	0.4839
10017.5	0.4839
10039.5	0.4839
10061.5	0.4839
10083.5	0.4839
10105.5	0.4790
10127.5	0.4741
10149.5	0.4741
10171.5	0.4741
10193.5	0.4741
10215.5	0.4692
10237.5	0.4692
10264.5	0.4692
10286.5	0.4692
10308.5	0.4643
10330.5	0.4643
10352.5	0.4594
10375.5	0.4594
10397.5	0.4594
10419.5	0.4594
10441.5	0.4594
10463.5	0.4545
10485.5	0.4497
10507.5	0.4497
10529.5	0.4497
10551.5	0.4497
10573.5	0.4497
10595.5	0.4497
10617.5	0.4448
10639.5	0.4448
10661.5	0.4399
10683.5	0.4399
10705.5	0.4350
10727.5	0.4350
10749.5	0.4350
10776.5	0.4301
10798.5	0.4350
10820.5	0.4301
10842.5	0.4301
10864.5	0.4301
10887.5	0.4301
10909.5	0.4301
10931.5	0.4252
10953.5	0.4252
10975.5	0.4203
10997.5	0.4203
11019.5	0.4203
11041.5	0.4203
11063.5	0.4154
11085.5	0.4106
11107.5	0.4106
11129.5	0.4106
