Program: 1 camread
Address: WL 0   BL 0
Data Pattern: 000
Read/write time: 100 ms
Form/precharge time: 200 ms
Number of read/write pulses: 1

79.5	1.4858
101.5	1.4858
123.5	1.4858
150.5	1.4858
172.5	1.4858
194.5	1.4809
216.5	1.4809
238.5	1.4809
263.5	1.4761
285.5	1.4761
307.5	1.4712
329.5	1.4663
351.5	1.4663
373.5	1.4663
395.5	1.4663
417.5	1.4663
439.5	1.4614
461.5	1.4614
483.5	1.4516
505.5	1.4516
527.5	1.4516
549.5	1.4516
571.5	1.4418
593.5	1.4418
615.5	1.4418
637.5	1.4418
664.5	1.4418
686.5	1.4370
708.5	1.4370
730.5	1.4321
752.5	1.4272
775.5	1.4272
797.5	1.4223
819.5	1.4223
841.5	1.4174
863.5	1.4125
885.5	1.4125
907.5	1.4027
933.5	1.4027
955.5	1.4027
977.5	1.3978
999.5	1.3978
1021.5	1.3930
1048.5	1.3881
1070.5	1.3881
1092.5	1.3832
1114.5	1.3783
1136.5	1.3734
1159.5	1.3734
1181.5	1.3685
1203.5	1.3685
1225.5	1.3636
1247.5	1.3587
1269.5	1.3587
1291.5	1.3539
1313.5	1.3490
1335.5	1.3441
1357.5	1.3441
1379.5	1.3392
1401.5	1.3343
1423.5	1.3343
1445.5	1.3294
1467.5	1.3245
1489.5	1.3245
1511.5	1.3196
1533.5	1.3196
1560.5	1.3099
1582.5	1.3099
1604.5	1.3099
1626.5	1.3050
1648.5	1.2952
1671.5	1.2952
1693.5	1.2854
1715.5	1.2854
1737.5	1.2854
1759.5	1.2854
1781.5	1.2805
1803.5	1.2805
1825.5	1.2805
1847.5	1.2708
1869.5	1.2659
1891.5	1.2659
1913.5	1.2610
1935.5	1.2561
1957.5	1.2561
1979.5	1.2463
2001.5	1.2463
2023.5	1.2463
2045.5	1.2414
2072.5	1.2414
2094.5	1.2317
2116.5	1.2317
2138.5	1.2268
2160.5	1.2268
2183.5	1.2170
2205.5	1.2170
2227.5	1.2121
2249.5	1.2121
2271.5	1.2121
2293.5	1.2023
2315.5	1.2023
2337.5	1.1975
2359.5	1.1926
2381.5	1.1877
2403.5	1.1877
2425.5	1.1828
2447.5	1.1779
2469.5	1.1779
2491.5	1.1730
2513.5	1.1730
2535.5	1.1681
2557.5	1.1632
2584.5	1.1632
2606.5	1.1535
2628.5	1.1535
2650.5	1.1535
2672.5	1.1486
2695.5	1.1437
2717.5	1.1388
2739.5	1.1290
2761.5	1.1290
2783.5	1.1290
2805.5	1.1290
2827.5	1.1290
2849.5	1.1241
2871.5	1.1144
2893.5	1.1095
2915.5	1.1095
2937.5	1.1095
2959.5	1.0997
2981.5	1.0997
3003.5	1.0997
3025.5	1.0948
3047.5	1.0948
3069.5	1.0899
3096.5	1.0850
3118.5	1.0802
3140.5	1.0753
3162.5	1.0753
3184.5	1.0753
3207.5	1.0704
3229.5	1.0606
3251.5	1.0606
3273.5	1.0606
3295.5	1.0557
3317.5	1.0557
3339.5	1.0557
3361.5	1.0508
3383.5	1.0459
3405.5	1.0411
3427.5	1.0362
3449.5	1.0313
3471.5	1.0313
3493.5	1.0313
3515.5	1.0264
3537.5	1.0215
3559.5	1.0215
3581.5	1.0117
3608.5	1.0117
3630.5	1.0117
3652.5	1.0068
3674.5	1.0068
3696.5	1.0020
3719.5	0.9971
3741.5	0.9971
3763.5	0.9922
3785.5	0.9922
3807.5	0.9824
3829.5	0.9824
3851.5	0.9824
3873.5	0.9726
3895.5	0.9726
3917.5	0.9726
3939.5	0.9726
3961.5	0.9677
3983.5	0.9629
4005.5	0.9580
4027.5	0.9580
4049.5	0.9531
4071.5	0.9531
4093.5	0.9482
4120.5	0.9433
4142.5	0.9433
4164.5	0.9384
4186.5	0.9384
4208.5	0.9335
4231.5	0.9335
4253.5	0.9286
4275.5	0.9238
4297.5	0.9238
4319.5	0.9189
4341.5	0.9189
4363.5	0.9140
4385.5	0.9140
4407.5	0.9042
4429.5	0.9042
4451.5	0.9042
4473.5	0.8993
4495.5	0.8993
4517.5	0.8993
4539.5	0.8944
4561.5	0.8895
4583.5	0.8895
4605.5	0.8798
4632.5	0.8798
4654.5	0.8749
4676.5	0.8749
4698.5	0.8749
4720.5	0.8700
4743.5	0.8651
4765.5	0.8651
4787.5	0.8602
4809.5	0.8602
4831.5	0.8602
4853.5	0.8553
4875.5	0.8553
4897.5	0.8504
4919.5	0.8456
4941.5	0.8407
4963.5	0.8407
4985.5	0.8407
5007.5	0.8358
5029.5	0.8358
5051.5	0.8260
5073.5	0.8260
5095.5	0.8211
5117.5	0.8162
5144.5	0.8162
5166.5	0.8162
5188.5	0.8162
5210.5	0.8162
5232.5	0.8113
5255.5	0.8065
5277.5	0.8016
5299.5	0.7967
5321.5	0.7967
5343.5	0.7967
5365.5	0.7967
5387.5	0.7918
5409.5	0.7869
5431.5	0.7869
5453.5	0.7820
5475.5	0.7771
5497.5	0.7771
5519.5	0.7771
5541.5	0.7722
5563.5	0.7722
5585.5	0.7674
5607.5	0.7674
5629.5	0.7625
5656.5	0.7625
5678.5	0.7625
5700.5	0.7576
5722.5	0.7576
5744.5	0.7527
5767.5	0.7478
5789.5	0.7429
5811.5	0.7429
5833.5	0.7429
5855.5	0.7429
5877.5	0.7429
5899.5	0.7380
5921.5	0.7331
5943.5	0.7331
5965.5	0.7283
5987.5	0.7234
6009.5	0.7234
6031.5	0.7185
6053.5	0.7185
6075.5	0.7185
6097.5	0.7136
6119.5	0.7136
6141.5	0.7087
6168.5	0.7087
6190.5	0.6989
6212.5	0.6989
6234.5	0.6989
6256.5	0.6989
6279.5	0.6940
6301.5	0.6940
6323.5	0.6940
6345.5	0.6891
6367.5	0.6843
6389.5	0.6843
6411.5	0.6843
6433.5	0.6843
6455.5	0.6794
6477.5	0.6794
6499.5	0.6696
6521.5	0.6696
6543.5	0.6696
6565.5	0.6598
6587.5	0.6598
6609.5	0.6598
6631.5	0.6598
6653.5	0.6598
6680.5	0.6549
6702.5	0.6549
6724.5	0.6549
6746.5	0.6549
6768.5	0.6452
6791.5	0.6403
6813.5	0.6403
6835.5	0.6403
6857.5	0.6403
6879.5	0.6354
6901.5	0.6354
6923.5	0.6305
6945.5	0.6305
6967.5	0.6256
6989.5	0.6207
7011.5	0.6207
7033.5	0.6207
7055.5	0.6207
7077.5	0.6207
7099.5	0.6158
7121.5	0.6158
7143.5	0.6109
7165.5	0.6109
7192.5	0.6061
7214.5	0.6061
7236.5	0.6061
7258.5	0.6061
7280.5	0.6012
7303.5	0.6012
7325.5	0.5963
7347.5	0.5914
7369.5	0.5914
7391.5	0.5914
7413.5	0.5865
7435.5	0.5865
7457.5	0.5865
7479.5	0.5865
7501.5	0.5816
7523.5	0.5816
7545.5	0.5816
7567.5	0.5767
7589.5	0.5767
7611.5	0.5718
7633.5	0.5670
7655.5	0.5670
7677.5	0.5621
7704.5	0.5621
7726.5	0.5621
7748.5	0.5621
7770.5	0.5621
7792.5	0.5572
7815.5	0.5523
7837.5	0.5523
7859.5	0.5523
7881.5	0.5474
7903.5	0.5474
7925.5	0.5474
7947.5	0.5474
7969.5	0.5425
7991.5	0.5425
8013.5	0.5376
8035.5	0.5376
8057.5	0.5376
8079.5	0.5327
8101.5	0.5327
8123.5	0.5279
8145.5	0.5279
8167.5	0.5279
8189.5	0.5279
8216.5	0.5230
8238.5	0.5230
8260.5	0.5230
8282.5	0.5181
8304.5	0.5132
8327.5	0.5132
8349.5	0.5132
8371.5	0.5034
8393.5	0.5034
8415.5	0.5034
8437.5	0.5034
8459.5	0.5034
8481.5	0.5034
8503.5	0.5034
8525.5	0.4985
8547.5	0.4985
8569.5	0.4985
8591.5	0.4936
8613.5	0.4936
8635.5	0.4888
8657.5	0.4888
8679.5	0.4839
8701.5	0.4839
8728.5	0.4839
8750.5	0.4839
8772.5	0.4839
8794.5	0.4790
8816.5	0.4741
8839.5	0.4741
8861.5	0.4741
8883.5	0.4741
8905.5	0.4692
8927.5	0.4692
8949.5	0.4692
8971.5	0.4692
8993.5	0.4643
9015.5	0.4643
9037.5	0.4643
9059.5	0.4594
9081.5	0.4594
9103.5	0.4594
9125.5	0.4545
9147.5	0.4545
9169.5	0.4497
9191.5	0.4497
9213.5	0.4497
9240.5	0.4497
9262.5	0.4497
9284.5	0.4497
9306.5	0.4448
9328.5	0.4399
9351.5	0.4399
9373.5	0.4350
9395.5	0.4350
9417.5	0.4350
9439.5	0.4350
9461.5	0.4301
9483.5	0.4301
9505.5	0.4301
9527.5	0.4301
9549.5	0.4301
9571.5	0.4301
9593.5	0.4252
9615.5	0.4252
9637.5	0.4252
9659.5	0.4203
9681.5	0.4203
9703.5	0.4203
9725.5	0.4154
9752.5	0.4154
9774.5	0.4106
9796.5	0.4106
9818.5	0.4106
9840.5	0.4057
9863.5	0.4057
9885.5	0.4057
9907.5	0.4057
9929.5	0.4057
9951.5	0.4057
9973.5	0.4008
9995.5	0.3959
10017.5	0.3959
10039.5	0.3959
10061.5	0.3959
10083.5	0.3959
10105.5	0.3959
10127.5	0.3910
10149.5	0.3861
10171.5	0.3861
10193.5	0.3861
10215.5	0.3861
10237.5	0.3861
10264.5	0.3861
10286.5	0.3861
10308.5	0.3812
10330.5	0.3812
10352.5	0.3763
10375.5	0.3763
10397.5	0.3763
10419.5	0.3715
10441.5	0.3763
10463.5	0.3715
10485.5	0.3715
10507.5	0.3715
10529.5	0.3715
10551.5	0.3666
10573.5	0.3666
10595.5	0.3666
10617.5	0.3666
10639.5	0.3617
10661.5	0.3568
10683.5	0.3568
10705.5	0.3568
10727.5	0.3568
10749.5	0.3568
10776.5	0.3519
10798.5	0.3470
10820.5	0.3470
10842.5	0.3470
10864.5	0.3470
10887.5	0.3470
10909.5	0.3470
10931.5	0.3470
10953.5	0.3470
10975.5	0.3470
10997.5	0.3421
11019.5	0.3421
11041.5	0.3421
11063.5	0.3421
11085.5	0.3372
11107.5	0.3372
11129.5	0.3372
