Program: 1 camread
Address: WL 0   BL 0
Data Pattern: 001
Read/write time: 100 ms
Form/precharge time: 200 ms
Number of read/write pulses: 1

79.5	1.4663
101.5	1.4614
123.5	1.4516
150.5	1.4418
172.5	1.4418
194.5	1.4370
216.5	1.4370
238.5	1.4272
263.5	1.4223
285.5	1.4174
307.5	1.4125
329.5	1.4076
351.5	1.4027
373.5	1.4027
395.5	1.3978
417.5	1.3930
439.5	1.3881
461.5	1.3881
483.5	1.3832
505.5	1.3734
527.5	1.3734
549.5	1.3685
571.5	1.3685
593.5	1.3636
615.5	1.3587
637.5	1.3539
664.5	1.3490
686.5	1.3441
708.5	1.3441
730.5	1.3392
752.5	1.3343
775.5	1.3294
797.5	1.3245
819.5	1.3245
841.5	1.3245
863.5	1.3196
885.5	1.3148
907.5	1.3099
933.5	1.3099
955.5	1.3050
977.5	1.3001
999.5	1.2952
1021.5	1.2903
1048.5	1.2854
1070.5	1.2854
1092.5	1.2854
1114.5	1.2854
1136.5	1.2805
1159.5	1.2757
1181.5	1.2659
1203.5	1.2659
1225.5	1.2659
1247.5	1.2610
1269.5	1.2610
1291.5	1.2561
1313.5	1.2463
1335.5	1.2463
1357.5	1.2463
1379.5	1.2463
1401.5	1.2414
1423.5	1.2414
1445.5	1.2366
1467.5	1.2317
1489.5	1.2317
1511.5	1.2268
1533.5	1.2268
1560.5	1.2170
1582.5	1.2170
1604.5	1.2121
1626.5	1.2121
1648.5	1.2121
1671.5	1.2072
1693.5	1.2072
1715.5	1.2023
1737.5	1.2023
1759.5	1.1975
1781.5	1.1926
1803.5	1.1877
1825.5	1.1877
1847.5	1.1877
1869.5	1.1828
1891.5	1.1779
1913.5	1.1779
1935.5	1.1730
1957.5	1.1730
1979.5	1.1730
2001.5	1.1681
2023.5	1.1681
2045.5	1.1632
2072.5	1.1632
2094.5	1.1584
2116.5	1.1535
2138.5	1.1535
2160.5	1.1535
2183.5	1.1486
2205.5	1.1486
2227.5	1.1437
2249.5	1.1437
2271.5	1.1388
2293.5	1.1290
2315.5	1.1290
2337.5	1.1290
2359.5	1.1290
2381.5	1.1290
2403.5	1.1290
2425.5	1.1241
2447.5	1.1241
2469.5	1.1193
2491.5	1.1144
2513.5	1.1144
2535.5	1.1095
2557.5	1.1095
2584.5	1.1095
2606.5	1.1046
2628.5	1.0997
2650.5	1.0997
2672.5	1.0997
2695.5	1.0948
2717.5	1.0948
2739.5	1.0948
2761.5	1.0948
2783.5	1.0899
2805.5	1.0899
2827.5	1.0899
2849.5	1.0850
2871.5	1.0850
2893.5	1.0802
2915.5	1.0753
2937.5	1.0753
2959.5	1.0753
2981.5	1.0753
3003.5	1.0704
3025.5	1.0704
3047.5	1.0655
3069.5	1.0606
3096.5	1.0606
3118.5	1.0606
3140.5	1.0557
3162.5	1.0606
3184.5	1.0557
3207.5	1.0557
3229.5	1.0557
3251.5	1.0557
3273.5	1.0508
3295.5	1.0508
3317.5	1.0508
3339.5	1.0459
3361.5	1.0411
3383.5	1.0411
3405.5	1.0362
3427.5	1.0362
3449.5	1.0313
3471.5	1.0313
3493.5	1.0313
3515.5	1.0313
3537.5	1.0313
3559.5	1.0264
3581.5	1.0264
3608.5	1.0215
3630.5	1.0215
3652.5	1.0215
3674.5	1.0215
3696.5	1.0166
3719.5	1.0117
3741.5	1.0117
3763.5	1.0117
3785.5	1.0117
3807.5	1.0117
3829.5	1.0117
3851.5	1.0068
3873.5	1.0068
3895.5	1.0068
3917.5	1.0068
3939.5	1.0020
3961.5	0.9971
3983.5	0.9971
4005.5	0.9971
4027.5	0.9971
4049.5	0.9971
4071.5	0.9971
4093.5	0.9922
4120.5	0.9922
4142.5	0.9922
4164.5	0.9922
4186.5	0.9873
4208.5	0.9824
4231.5	0.9824
4253.5	0.9824
4275.5	0.9824
4297.5	0.9726
4319.5	0.9726
4341.5	0.9726
4363.5	0.9726
4385.5	0.9726
4407.5	0.9726
4429.5	0.9726
4451.5	0.9726
4473.5	0.9726
4495.5	0.9726
4517.5	0.9726
4539.5	0.9677
4561.5	0.9677
4583.5	0.9677
4605.5	0.9629
4632.5	0.9629
4654.5	0.9580
4676.5	0.9580
4698.5	0.9580
4720.5	0.9580
4743.5	0.9531
4765.5	0.9531
4787.5	0.9531
4809.5	0.9531
4831.5	0.9531
4853.5	0.9531
4875.5	0.9531
4897.5	0.9482
4919.5	0.9482
4941.5	0.9482
4963.5	0.9433
4985.5	0.9433
5007.5	0.9433
5029.5	0.9433
5051.5	0.9433
5073.5	0.9384
5095.5	0.9384
5117.5	0.9384
5144.5	0.9384
5166.5	0.9384
5188.5	0.9384
5210.5	0.9384
5232.5	0.9335
5255.5	0.9335
5277.5	0.9335
5299.5	0.9335
5321.5	0.9286
5343.5	0.9335
5365.5	0.9286
5387.5	0.9286
5409.5	0.9286
5431.5	0.9286
5453.5	0.9238
5475.5	0.9238
5497.5	0.9189
5519.5	0.9238
5541.5	0.9189
5563.5	0.9189
5585.5	0.9189
5607.5	0.9189
5629.5	0.9189
5656.5	0.9189
5678.5	0.9189
5700.5	0.9140
5722.5	0.9189
5744.5	0.9140
5767.5	0.9140
5789.5	0.9140
5811.5	0.9140
5833.5	0.9091
5855.5	0.9091
5877.5	0.9091
5899.5	0.9042
5921.5	0.9042
5943.5	0.9042
5965.5	0.9042
5987.5	0.9042
6009.5	0.9042
6031.5	0.9042
6053.5	0.8993
6075.5	0.8993
6097.5	0.8993
6119.5	0.8993
6141.5	0.8993
6168.5	0.8993
6190.5	0.8993
6212.5	0.8993
6234.5	0.8993
6256.5	0.8993
6279.5	0.8993
6301.5	0.8944
6323.5	0.8944
6345.5	0.8944
6367.5	0.8944
6389.5	0.8944
6411.5	0.8895
6433.5	0.8895
6455.5	0.8895
6477.5	0.8895
6499.5	0.8895
6521.5	0.8895
6543.5	0.8895
6565.5	0.8895
6587.5	0.8895
6609.5	0.8847
6631.5	0.8847
6653.5	0.8847
6680.5	0.8847
6702.5	0.8798
6724.5	0.8798
6746.5	0.8798
6768.5	0.8798
6791.5	0.8798
6813.5	0.8798
6835.5	0.8749
6857.5	0.8749
6879.5	0.8798
6901.5	0.8749
6923.5	0.8749
6945.5	0.8749
6967.5	0.8749
6989.5	0.8749
7011.5	0.8749
7033.5	0.8749
7055.5	0.8749
7077.5	0.8749
7099.5	0.8700
7121.5	0.8749
7143.5	0.8749
7165.5	0.8700
7192.5	0.8700
7214.5	0.8700
7236.5	0.8700
7258.5	0.8651
7280.5	0.8651
7303.5	0.8651
7325.5	0.8651
7347.5	0.8651
7369.5	0.8651
7391.5	0.8651
7413.5	0.8651
7435.5	0.8651
7457.5	0.8651
7479.5	0.8651
7501.5	0.8651
7523.5	0.8602
7545.5	0.8602
7567.5	0.8651
7589.5	0.8602
7611.5	0.8602
7633.5	0.8602
7655.5	0.8602
7677.5	0.8602
7704.5	0.8602
7726.5	0.8602
7748.5	0.8602
7770.5	0.8602
7792.5	0.8553
7815.5	0.8602
7837.5	0.8602
7859.5	0.8553
7881.5	0.8553
7903.5	0.8553
7925.5	0.8553
7947.5	0.8553
7969.5	0.8553
7991.5	0.8553
8013.5	0.8553
8035.5	0.8553
8057.5	0.8553
8079.5	0.8553
8101.5	0.8553
8123.5	0.8504
8145.5	0.8504
8167.5	0.8504
8189.5	0.8504
8216.5	0.8504
8238.5	0.8504
8260.5	0.8504
8282.5	0.8504
8304.5	0.8504
8327.5	0.8504
8349.5	0.8504
8371.5	0.8504
8393.5	0.8504
8415.5	0.8504
8437.5	0.8456
8459.5	0.8456
8481.5	0.8456
8503.5	0.8456
8525.5	0.8456
8547.5	0.8456
8569.5	0.8456
8591.5	0.8407
8613.5	0.8456
8635.5	0.8407
8657.5	0.8407
8679.5	0.8407
8701.5	0.8407
8728.5	0.8407
8750.5	0.8407
8772.5	0.8407
8794.5	0.8407
8816.5	0.8407
8839.5	0.8407
8861.5	0.8407
8883.5	0.8407
8905.5	0.8407
8927.5	0.8407
8949.5	0.8407
8971.5	0.8407
8993.5	0.8407
9015.5	0.8407
9037.5	0.8407
9059.5	0.8407
9081.5	0.8407
9103.5	0.8407
9125.5	0.8358
9147.5	0.8358
9169.5	0.8358
9191.5	0.8358
9213.5	0.8358
9240.5	0.8358
9262.5	0.8358
9284.5	0.8358
9306.5	0.8358
9328.5	0.8358
9351.5	0.8358
9373.5	0.8358
9395.5	0.8358
9417.5	0.8358
9439.5	0.8358
9461.5	0.8358
9483.5	0.8358
9505.5	0.8309
9527.5	0.8309
9549.5	0.8309
9571.5	0.8260
9593.5	0.8358
9615.5	0.8309
9637.5	0.8260
9659.5	0.8260
9681.5	0.8260
9703.5	0.8260
9725.5	0.8260
9752.5	0.8260
9774.5	0.8260
9796.5	0.8260
9818.5	0.8260
9840.5	0.8260
9863.5	0.8260
9885.5	0.8260
9907.5	0.8260
9929.5	0.8260
9951.5	0.8260
9973.5	0.8260
9995.5	0.8260
10017.5	0.8260
10039.5	0.8260
10061.5	0.8260
10083.5	0.8260
10105.5	0.8260
10127.5	0.8211
10149.5	0.8260
10171.5	0.8211
10193.5	0.8211
10215.5	0.8211
10237.5	0.8211
10264.5	0.8211
10286.5	0.8211
10308.5	0.8162
10330.5	0.8162
10352.5	0.8162
10375.5	0.8162
10397.5	0.8162
10419.5	0.8162
10441.5	0.8162
10463.5	0.8162
10485.5	0.8162
10507.5	0.8162
10529.5	0.8162
10551.5	0.8162
10573.5	0.8162
10595.5	0.8162
10617.5	0.8162
10639.5	0.8162
10661.5	0.8162
10683.5	0.8162
10705.5	0.8162
10727.5	0.8162
10749.5	0.8162
10776.5	0.8162
10798.5	0.8162
10820.5	0.8162
10842.5	0.8162
10864.5	0.8162
10887.5	0.8162
10909.5	0.8162
10931.5	0.8162
10953.5	0.8162
10975.5	0.8162
10997.5	0.8162
11019.5	0.8162
11041.5	0.8162
11063.5	0.8162
11085.5	0.8162
11107.5	0.8162
11129.5	0.8162
