Program: 1 camread
Address: WL 0   BL 0
Data Pattern: 010
Read/write time: 100 ms
Form/precharge time: 200 ms
Number of read/write pulses: 1

79.5	1.4858
101.5	1.4809
123.5	1.4761
150.5	1.4761
172.5	1.4663
194.5	1.4663
216.5	1.4663
238.5	1.4614
263.5	1.4565
285.5	1.4516
307.5	1.4516
329.5	1.4418
351.5	1.4418
373.5	1.4418
395.5	1.4418
417.5	1.4370
439.5	1.4321
461.5	1.4272
483.5	1.4223
505.5	1.4223
527.5	1.4174
549.5	1.4125
571.5	1.4125
593.5	1.4027
615.5	1.4027
637.5	1.4027
664.5	1.3978
686.5	1.3930
708.5	1.3881
730.5	1.3881
752.5	1.3881
775.5	1.3832
797.5	1.3783
819.5	1.3734
841.5	1.3685
863.5	1.3685
885.5	1.3685
907.5	1.3636
933.5	1.3587
955.5	1.3587
977.5	1.3539
999.5	1.3490
1021.5	1.3441
1048.5	1.3441
1070.5	1.3392
1092.5	1.3343
1114.5	1.3343
1136.5	1.3245
1159.5	1.3245
1181.5	1.3245
1203.5	1.3245
1225.5	1.3196
1247.5	1.3148
1269.5	1.3099
1291.5	1.3099
1313.5	1.3099
1335.5	1.3099
1357.5	1.3050
1379.5	1.2952
1401.5	1.2952
1423.5	1.2854
1445.5	1.2854
1467.5	1.2854
1489.5	1.2854
1511.5	1.2854
1533.5	1.2805
1560.5	1.2757
1582.5	1.2708
1604.5	1.2708
1626.5	1.2659
1648.5	1.2659
1671.5	1.2659
1693.5	1.2610
1715.5	1.2561
1737.5	1.2561
1759.5	1.2463
1781.5	1.2463
1803.5	1.2463
1825.5	1.2463
1847.5	1.2463
1869.5	1.2414
1891.5	1.2366
1913.5	1.2317
1935.5	1.2317
1957.5	1.2317
1979.5	1.2317
2001.5	1.2317
2023.5	1.2268
2045.5	1.2170
2072.5	1.2170
2094.5	1.2121
2116.5	1.2121
2138.5	1.2121
2160.5	1.2121
2183.5	1.2121
2205.5	1.2072
2227.5	1.2072
2249.5	1.2023
2271.5	1.2023
2293.5	1.1926
2315.5	1.1926
2337.5	1.1926
2359.5	1.1877
2381.5	1.1877
2403.5	1.1877
2425.5	1.1828
2447.5	1.1779
2469.5	1.1779
2491.5	1.1779
2513.5	1.1730
2535.5	1.1730
2557.5	1.1730
2584.5	1.1730
2606.5	1.1681
2628.5	1.1632
2650.5	1.1632
2672.5	1.1632
2695.5	1.1584
2717.5	1.1584
2739.5	1.1535
2761.5	1.1535
2783.5	1.1535
2805.5	1.1486
2827.5	1.1486
2849.5	1.1486
2871.5	1.1486
2893.5	1.1388
2915.5	1.1388
2937.5	1.1388
2959.5	1.1290
2981.5	1.1290
3003.5	1.1290
3025.5	1.1290
3047.5	1.1290
3069.5	1.1290
3096.5	1.1290
3118.5	1.1241
3140.5	1.1241
3162.5	1.1241
3184.5	1.1193
3207.5	1.1193
3229.5	1.1144
3251.5	1.1095
3273.5	1.1095
3295.5	1.1095
3317.5	1.1095
3339.5	1.1095
3361.5	1.1095
3383.5	1.1046
3405.5	1.0997
3427.5	1.0997
3449.5	1.0997
3471.5	1.0997
3493.5	1.0997
3515.5	1.0948
3537.5	1.0948
3559.5	1.0948
3581.5	1.0948
3608.5	1.0899
3630.5	1.0899
3652.5	1.0850
3674.5	1.0899
3696.5	1.0850
3719.5	1.0850
3741.5	1.0802
3763.5	1.0802
3785.5	1.0753
3807.5	1.0753
3829.5	1.0753
3851.5	1.0753
3873.5	1.0753
3895.5	1.0753
3917.5	1.0704
3939.5	1.0704
3961.5	1.0704
3983.5	1.0655
4005.5	1.0606
4027.5	1.0606
4049.5	1.0606
4071.5	1.0606
4093.5	1.0606
4120.5	1.0557
4142.5	1.0557
4164.5	1.0557
4186.5	1.0557
4208.5	1.0557
4231.5	1.0557
4253.5	1.0557
4275.5	1.0508
4297.5	1.0508
4319.5	1.0508
4341.5	1.0459
4363.5	1.0459
4385.5	1.0459
4407.5	1.0459
4429.5	1.0411
4451.5	1.0362
4473.5	1.0362
4495.5	1.0362
4517.5	1.0362
4539.5	1.0362
4561.5	1.0313
4583.5	1.0313
4605.5	1.0313
4632.5	1.0313
4654.5	1.0313
4676.5	1.0313
4698.5	1.0313
4720.5	1.0264
4743.5	1.0264
4765.5	1.0215
4787.5	1.0215
4809.5	1.0215
4831.5	1.0215
4853.5	1.0215
4875.5	1.0215
4897.5	1.0215
4919.5	1.0166
4941.5	1.0117
4963.5	1.0117
4985.5	1.0117
5007.5	1.0117
5029.5	1.0117
5051.5	1.0117
5073.5	1.0117
5095.5	1.0117
5117.5	1.0117
5144.5	1.0068
5166.5	1.0068
5188.5	1.0068
5210.5	1.0068
5232.5	1.0068
5255.5	1.0068
5277.5	1.0068
5299.5	1.0020
5321.5	1.0020
5343.5	1.0020
5365.5	0.9971
5387.5	0.9971
5409.5	0.9971
5431.5	0.9971
5453.5	0.9971
5475.5	0.9971
5497.5	0.9971
5519.5	0.9971
5541.5	0.9971
5563.5	0.9922
5585.5	0.9922
5607.5	0.9922
5629.5	0.9922
5656.5	0.9922
5678.5	0.9922
5700.5	0.9873
5722.5	0.9873
5744.5	0.9824
5767.5	0.9824
5789.5	0.9824
5811.5	0.9824
5833.5	0.9824
5855.5	0.9824
5877.5	0.9775
5899.5	0.9775
5921.5	0.9824
5943.5	0.9726
5965.5	0.9726
5987.5	0.9726
6009.5	0.9726
6031.5	0.9726
6053.5	0.9726
6075.5	0.9726
6097.5	0.9726
6119.5	0.9726
6141.5	0.9726
6168.5	0.9726
6190.5	0.9726
6212.5	0.9726
6234.5	0.9726
6256.5	0.9726
6279.5	0.9726
6301.5	0.9726
6323.5	0.9677
6345.5	0.9677
6367.5	0.9677
6389.5	0.9677
6411.5	0.9677
6433.5	0.9677
6455.5	0.9677
6477.5	0.9629
6499.5	0.9677
6521.5	0.9629
6543.5	0.9629
6565.5	0.9629
6587.5	0.9580
6609.5	0.9580
6631.5	0.9580
6653.5	0.9580
6680.5	0.9580
6702.5	0.9580
6724.5	0.9580
6746.5	0.9531
6768.5	0.9531
6791.5	0.9580
6813.5	0.9531
6835.5	0.9531
6857.5	0.9531
6879.5	0.9531
6901.5	0.9531
6923.5	0.9531
6945.5	0.9531
6967.5	0.9531
6989.5	0.9531
7011.5	0.9531
7033.5	0.9531
7055.5	0.9482
7077.5	0.9531
7099.5	0.9531
7121.5	0.9482
7143.5	0.9482
7165.5	0.9482
7192.5	0.9433
7214.5	0.9433
7236.5	0.9433
7258.5	0.9433
7280.5	0.9433
7303.5	0.9433
7325.5	0.9433
7347.5	0.9433
7369.5	0.9433
7391.5	0.9433
7413.5	0.9433
7435.5	0.9433
7457.5	0.9433
7479.5	0.9384
7501.5	0.9384
7523.5	0.9384
7545.5	0.9384
7567.5	0.9384
7589.5	0.9384
7611.5	0.9384
7633.5	0.9384
7655.5	0.9384
7677.5	0.9384
7704.5	0.9384
7726.5	0.9384
7748.5	0.9384
7770.5	0.9384
7792.5	0.9384
7815.5	0.9384
7837.5	0.9384
7859.5	0.9384
7881.5	0.9335
7903.5	0.9335
7925.5	0.9335
7947.5	0.9384
7969.5	0.9335
7991.5	0.9335
8013.5	0.9335
8035.5	0.9335
8057.5	0.9335
8079.5	0.9286
8101.5	0.9335
8123.5	0.9286
8145.5	0.9286
8167.5	0.9286
8189.5	0.9286
8216.5	0.9286
8238.5	0.9286
8260.5	0.9286
8282.5	0.9286
8304.5	0.9286
8327.5	0.9286
8349.5	0.9286
8371.5	0.9286
8393.5	0.9286
8415.5	0.9286
8437.5	0.9286
8459.5	0.9238
8481.5	0.9238
8503.5	0.9238
8525.5	0.9238
8547.5	0.9238
8569.5	0.9238
8591.5	0.9238
8613.5	0.9238
8635.5	0.9189
8657.5	0.9189
8679.5	0.9189
8701.5	0.9189
8728.5	0.9189
8750.5	0.9189
8772.5	0.9189
8794.5	0.9189
8816.5	0.9189
8839.5	0.9189
8861.5	0.9189
8883.5	0.9189
8905.5	0.9189
8927.5	0.9189
8949.5	0.9189
8971.5	0.9189
8993.5	0.9189
9015.5	0.9189
9037.5	0.9189
9059.5	0.9189
9081.5	0.9189
9103.5	0.9189
9125.5	0.9189
9147.5	0.9189
9169.5	0.9189
9191.5	0.9189
9213.5	0.9189
9240.5	0.9189
9262.5	0.9140
9284.5	0.9140
9306.5	0.9189
9328.5	0.9189
9351.5	0.9140
9373.5	0.9140
9395.5	0.9140
9417.5	0.9140
9439.5	0.9140
9461.5	0.9140
9483.5	0.9140
9505.5	0.9140
9527.5	0.9140
9549.5	0.9140
9571.5	0.9140
9593.5	0.9140
9615.5	0.9140
9637.5	0.9091
9659.5	0.9091
9681.5	0.9091
9703.5	0.9091
9725.5	0.9091
9752.5	0.9091
9774.5	0.9091
9796.5	0.9091
9818.5	0.9091
9840.5	0.9091
9863.5	0.9091
9885.5	0.9042
9907.5	0.9042
9929.5	0.9042
9951.5	0.9042
9973.5	0.9042
9995.5	0.9042
10017.5	0.9042
10039.5	0.9042
10061.5	0.9042
10083.5	0.9042
10105.5	0.9042
10127.5	0.9042
10149.5	0.9042
10171.5	0.9042
10193.5	0.9042
10215.5	0.9042
10237.5	0.9042
10264.5	0.9042
10286.5	0.9042
10308.5	0.9042
10330.5	0.9042
10352.5	0.9042
10375.5	0.9042
10397.5	0.8993
10419.5	0.9042
10441.5	0.9042
10463.5	0.9042
10485.5	0.9042
10507.5	0.9042
10529.5	0.8993
10551.5	0.8993
10573.5	0.9042
10595.5	0.8993
10617.5	0.8993
10639.5	0.8993
10661.5	0.9042
10683.5	0.8993
10705.5	0.8993
10727.5	0.8993
10749.5	0.8993
10776.5	0.8993
10798.5	0.8993
10820.5	0.8993
10842.5	0.8993
10864.5	0.8993
10887.5	0.8993
10909.5	0.8993
10931.5	0.8993
10953.5	0.8993
10975.5	0.8993
10997.5	0.8993
11019.5	0.8993
11041.5	0.8993
11063.5	0.8993
11085.5	0.8993
11107.5	0.8993
11129.5	0.8993
