Program: 1 camread
Address: WL 0   BL 0
Data Pattern: 010
Read/write time: 100 ms
Form/precharge time: 200 ms
Number of read/write pulses: 1

79.5	1.4858
101.5	1.4858
123.5	1.4858
150.5	1.4858
172.5	1.4809
194.5	1.4809
216.5	1.4761
238.5	1.4761
263.5	1.4761
285.5	1.4712
307.5	1.4663
329.5	1.4663
351.5	1.4663
373.5	1.4614
395.5	1.4614
417.5	1.4565
439.5	1.4516
461.5	1.4516
483.5	1.4418
505.5	1.4418
527.5	1.4418
549.5	1.4418
571.5	1.4370
593.5	1.4370
615.5	1.4321
637.5	1.4272
664.5	1.4223
686.5	1.4223
708.5	1.4223
730.5	1.4174
752.5	1.4125
775.5	1.4076
797.5	1.4027
819.5	1.4027
841.5	1.4027
863.5	1.3978
885.5	1.3978
907.5	1.3930
933.5	1.3881
955.5	1.3881
977.5	1.3881
999.5	1.3832
1021.5	1.3734
1048.5	1.3734
1070.5	1.3685
1092.5	1.3685
1114.5	1.3685
1136.5	1.3636
1159.5	1.3587
1181.5	1.3587
1203.5	1.3539
1225.5	1.3490
1247.5	1.3441
1269.5	1.3441
1291.5	1.3441
1313.5	1.3392
1335.5	1.3343
1357.5	1.3343
1379.5	1.3245
1401.5	1.3245
1423.5	1.3245
1445.5	1.3245
1467.5	1.3196
1489.5	1.3196
1511.5	1.3148
1533.5	1.3099
1560.5	1.3099
1582.5	1.3099
1604.5	1.3050
1626.5	1.3001
1648.5	1.2952
1671.5	1.2952
1693.5	1.2903
1715.5	1.2854
1737.5	1.2854
1759.5	1.2854
1781.5	1.2854
1803.5	1.2805
1825.5	1.2805
1847.5	1.2757
1869.5	1.2708
1891.5	1.2708
1913.5	1.2659
1935.5	1.2659
1957.5	1.2659
1979.5	1.2610
2001.5	1.2610
2023.5	1.2561
2045.5	1.2463
2072.5	1.2463
2094.5	1.2463
2116.5	1.2463
2138.5	1.2463
2160.5	1.2414
2183.5	1.2414
2205.5	1.2414
2227.5	1.2366
2249.5	1.2317
2271.5	1.2317
2293.5	1.2317
2315.5	1.2268
2337.5	1.2268
2359.5	1.2268
2381.5	1.2170
2403.5	1.2170
2425.5	1.2121
2447.5	1.2121
2469.5	1.2121
2491.5	1.2121
2513.5	1.2121
2535.5	1.2072
2557.5	1.2072
2584.5	1.2023
2606.5	1.2023
2628.5	1.1975
2650.5	1.1926
2672.5	1.1926
2695.5	1.1877
2717.5	1.1877
2739.5	1.1877
2761.5	1.1877
2783.5	1.1828
2805.5	1.1779
2827.5	1.1779
2849.5	1.1779
2871.5	1.1779
2893.5	1.1730
2915.5	1.1730
2937.5	1.1730
2959.5	1.1681
2981.5	1.1681
3003.5	1.1681
3025.5	1.1681
3047.5	1.1632
3069.5	1.1632
3096.5	1.1584
3118.5	1.1535
3140.5	1.1535
3162.5	1.1535
3184.5	1.1535
3207.5	1.1535
3229.5	1.1486
3251.5	1.1486
3273.5	1.1437
3295.5	1.1388
3317.5	1.1388
3339.5	1.1388
3361.5	1.1388
3383.5	1.1388
3405.5	1.1290
3427.5	1.1290
3449.5	1.1290
3471.5	1.1290
3493.5	1.1290
3515.5	1.1290
3537.5	1.1290
3559.5	1.1290
3581.5	1.1241
3608.5	1.1241
3630.5	1.1241
3652.5	1.1193
3674.5	1.1144
3696.5	1.1144
3719.5	1.1144
3741.5	1.1095
3763.5	1.1095
3785.5	1.1095
3807.5	1.1095
3829.5	1.1095
3851.5	1.1095
3873.5	1.1046
3895.5	1.0997
3917.5	1.0997
3939.5	1.0997
3961.5	1.0997
3983.5	1.0948
4005.5	1.0948
4027.5	1.0948
4049.5	1.0948
4071.5	1.0948
4093.5	1.0948
4120.5	1.0948
4142.5	1.0899
4164.5	1.0899
4186.5	1.0899
4208.5	1.0899
4231.5	1.0850
4253.5	1.0850
4275.5	1.0850
4297.5	1.0802
4319.5	1.0802
4341.5	1.0802
4363.5	1.0753
4385.5	1.0753
4407.5	1.0753
4429.5	1.0753
4451.5	1.0753
4473.5	1.0704
4495.5	1.0753
4517.5	1.0704
4539.5	1.0704
4561.5	1.0704
4583.5	1.0655
4605.5	1.0606
4632.5	1.0606
4654.5	1.0606
4676.5	1.0606
4698.5	1.0606
4720.5	1.0557
4743.5	1.0557
4765.5	1.0557
4787.5	1.0557
4809.5	1.0557
4831.5	1.0557
4853.5	1.0557
4875.5	1.0557
4897.5	1.0557
4919.5	1.0557
4941.5	1.0508
4963.5	1.0508
4985.5	1.0508
5007.5	1.0459
5029.5	1.0459
5051.5	1.0459
5073.5	1.0459
5095.5	1.0459
5117.5	1.0459
5144.5	1.0411
5166.5	1.0411
5188.5	1.0362
5210.5	1.0362
5232.5	1.0362
5255.5	1.0362
5277.5	1.0362
5299.5	1.0313
5321.5	1.0313
5343.5	1.0313
5365.5	1.0313
5387.5	1.0313
5409.5	1.0313
5431.5	1.0313
5453.5	1.0313
5475.5	1.0264
5497.5	1.0264
5519.5	1.0264
5541.5	1.0264
5563.5	1.0264
5585.5	1.0215
5607.5	1.0215
5629.5	1.0215
5656.5	1.0215
5678.5	1.0215
5700.5	1.0166
5722.5	1.0166
5744.5	1.0166
5767.5	1.0166
5789.5	1.0117
5811.5	1.0117
5833.5	1.0117
5855.5	1.0117
5877.5	1.0117
5899.5	1.0117
5921.5	1.0117
5943.5	1.0117
5965.5	1.0117
5987.5	1.0117
6009.5	1.0117
6031.5	1.0117
6053.5	1.0068
6075.5	1.0117
6097.5	1.0068
6119.5	1.0068
6141.5	1.0068
6168.5	1.0068
6190.5	1.0068
6212.5	1.0068
6234.5	1.0020
6256.5	1.0068
6279.5	1.0068
6301.5	1.0020
6323.5	0.9971
6345.5	0.9971
6367.5	0.9971
6389.5	0.9971
6411.5	0.9971
6433.5	0.9971
6455.5	0.9971
6477.5	0.9971
6499.5	0.9971
6521.5	0.9971
6543.5	0.9971
6565.5	0.9971
6587.5	0.9971
6609.5	0.9922
6631.5	0.9922
6653.5	0.9922
6680.5	0.9922
6702.5	0.9922
6724.5	0.9922
6746.5	0.9922
6768.5	0.9922
6791.5	0.9873
6813.5	0.9873
6835.5	0.9824
6857.5	0.9824
6879.5	0.9824
6901.5	0.9824
6923.5	0.9824
6945.5	0.9824
6967.5	0.9824
6989.5	0.9824
7011.5	0.9824
7033.5	0.9824
7055.5	0.9824
7077.5	0.9824
7099.5	0.9824
7121.5	0.9726
7143.5	0.9726
7165.5	0.9726
7192.5	0.9726
7214.5	0.9726
7236.5	0.9726
7258.5	0.9726
7280.5	0.9726
7303.5	0.9726
7325.5	0.9726
7347.5	0.9726
7369.5	0.9726
7391.5	0.9726
7413.5	0.9726
7435.5	0.9726
7457.5	0.9726
7479.5	0.9726
7501.5	0.9726
7523.5	0.9726
7545.5	0.9726
7567.5	0.9726
7589.5	0.9726
7611.5	0.9726
7633.5	0.9726
7655.5	0.9677
7677.5	0.9677
7704.5	0.9726
7726.5	0.9677
7748.5	0.9677
7770.5	0.9677
7792.5	0.9677
7815.5	0.9677
7837.5	0.9677
7859.5	0.9677
7881.5	0.9677
7903.5	0.9677
7925.5	0.9677
7947.5	0.9677
7969.5	0.9677
7991.5	0.9677
8013.5	0.9629
8035.5	0.9629
8057.5	0.9629
8079.5	0.9580
8101.5	0.9629
8123.5	0.9629
8145.5	0.9629
8167.5	0.9580
8189.5	0.9580
8216.5	0.9580
8238.5	0.9580
8260.5	0.9580
8282.5	0.9580
8304.5	0.9580
8327.5	0.9580
8349.5	0.9531
8371.5	0.9580
8393.5	0.9580
8415.5	0.9531
8437.5	0.9580
8459.5	0.9531
8481.5	0.9531
8503.5	0.9531
8525.5	0.9531
8547.5	0.9531
8569.5	0.9531
8591.5	0.9531
8613.5	0.9531
8635.5	0.9531
8657.5	0.9531
8679.5	0.9531
8701.5	0.9531
8728.5	0.9531
8750.5	0.9531
8772.5	0.9531
8794.5	0.9531
8816.5	0.9531
8839.5	0.9531
8861.5	0.9531
8883.5	0.9531
8905.5	0.9531
8927.5	0.9531
8949.5	0.9531
8971.5	0.9531
8993.5	0.9531
9015.5	0.9531
9037.5	0.9482
9059.5	0.9482
9081.5	0.9482
9103.5	0.9482
9125.5	0.9482
9147.5	0.9531
9169.5	0.9482
9191.5	0.9433
9213.5	0.9433
9240.5	0.9433
9262.5	0.9433
9284.5	0.9433
9306.5	0.9433
9328.5	0.9482
9351.5	0.9433
9373.5	0.9433
9395.5	0.9433
9417.5	0.9433
9439.5	0.9433
9461.5	0.9433
9483.5	0.9433
9505.5	0.9433
9527.5	0.9433
9549.5	0.9433
9571.5	0.9433
9593.5	0.9433
9615.5	0.9433
9637.5	0.9433
9659.5	0.9433
9681.5	0.9433
9703.5	0.9433
9725.5	0.9433
9752.5	0.9433
9774.5	0.9433
9796.5	0.9433
9818.5	0.9384
9840.5	0.9433
9863.5	0.9384
9885.5	0.9384
9907.5	0.9384
9929.5	0.9384
9951.5	0.9384
9973.5	0.9384
9995.5	0.9433
10017.5	0.9384
10039.5	0.9384
10061.5	0.9384
10083.5	0.9384
10105.5	0.9384
10127.5	0.9384
10149.5	0.9384
10171.5	0.9384
10193.5	0.9384
10215.5	0.9384
10237.5	0.9384
10264.5	0.9384
10286.5	0.9384
10308.5	0.9384
10330.5	0.9384
10352.5	0.9384
10375.5	0.9384
10397.5	0.9384
10419.5	0.9384
10441.5	0.9384
10463.5	0.9384
10485.5	0.9384
10507.5	0.9384
10529.5	0.9384
10551.5	0.9384
10573.5	0.9384
10595.5	0.9384
10617.5	0.9335
10639.5	0.9384
10661.5	0.9384
10683.5	0.9384
10705.5	0.9335
10727.5	0.9384
10749.5	0.9335
10776.5	0.9384
10798.5	0.9335
10820.5	0.9335
10842.5	0.9384
10864.5	0.9384
10887.5	0.9335
10909.5	0.9335
10931.5	0.9335
10953.5	0.9335
10975.5	0.9335
10997.5	0.9335
11019.5	0.9335
11041.5	0.9335
11063.5	0.9335
11085.5	0.9335
11107.5	0.9335
11129.5	0.9335
