Program: 1 camread
Address: WL 0   BL 0
Data Pattern: 001
Read/write time: 100 ms
Form/precharge time: 200 ms
Number of read/write pulses: 1

79.5	1.5005
101.5	1.5005
123.5	1.5005
150.5	1.5005
172.5	1.5005
194.5	1.5005
216.5	1.5005
238.5	1.5005
263.5	1.5005
285.5	1.5054
307.5	1.5054
329.5	1.5054
351.5	1.5103
373.5	1.5054
395.5	1.5054
417.5	1.5103
439.5	1.5103
461.5	1.5103
483.5	1.5152
505.5	1.5152
527.5	1.5152
549.5	1.5152
571.5	1.5152
593.5	1.5152
615.5	1.5152
637.5	1.5152
664.5	1.5152
686.5	1.5200
708.5	1.5200
730.5	1.5200
752.5	1.5200
775.5	1.5200
797.5	1.5200
819.5	1.5200
841.5	1.5249
863.5	1.5200
885.5	1.5200
907.5	1.5249
933.5	1.5249
955.5	1.5249
977.5	1.5200
999.5	1.5249
1021.5	1.5249
1048.5	1.5249
1070.5	1.5249
1092.5	1.5249
1114.5	1.5249
1136.5	1.5249
1159.5	1.5249
1181.5	1.5249
1203.5	1.5249
1225.5	1.5249
1247.5	1.5249
1269.5	1.5249
1291.5	1.5249
1313.5	1.5249
1335.5	1.5249
1357.5	1.5249
1379.5	1.5249
1401.5	1.5249
1423.5	1.5249
1445.5	1.5249
1467.5	1.5249
1489.5	1.5249
1511.5	1.5249
1533.5	1.5249
1560.5	1.5249
1582.5	1.5249
1604.5	1.5249
1626.5	1.5249
1648.5	1.5249
1671.5	1.5249
1693.5	1.5249
1715.5	1.5249
1737.5	1.5249
1759.5	1.5249
1781.5	1.5249
1803.5	1.5249
1825.5	1.5249
1847.5	1.5249
1869.5	1.5249
1891.5	1.5249
1913.5	1.5249
1935.5	1.5249
1957.5	1.5249
1979.5	1.5249
2001.5	1.5249
2023.5	1.5249
2045.5	1.5249
2072.5	1.5249
2094.5	1.5249
2116.5	1.5249
2138.5	1.5249
2160.5	1.5249
2183.5	1.5249
2205.5	1.5249
2227.5	1.5249
2249.5	1.5249
2271.5	1.5249
2293.5	1.5249
2315.5	1.5249
2337.5	1.5249
2359.5	1.5249
2381.5	1.5249
2403.5	1.5249
2425.5	1.5249
2447.5	1.5249
2469.5	1.5249
2491.5	1.5249
2513.5	1.5249
2535.5	1.5249
2557.5	1.5249
2584.5	1.5249
2606.5	1.5249
2628.5	1.5249
2650.5	1.5249
2672.5	1.5249
2695.5	1.5249
2717.5	1.5249
2739.5	1.5249
2761.5	1.5249
2783.5	1.5249
2805.5	1.5200
2827.5	1.5249
2849.5	1.5200
2871.5	1.5249
2893.5	1.5249
2915.5	1.5249
2937.5	1.5200
2959.5	1.5200
2981.5	1.5200
3003.5	1.5200
3025.5	1.5200
3047.5	1.5200
3069.5	1.5200
3096.5	1.5200
3118.5	1.5249
3140.5	1.5200
3162.5	1.5200
3184.5	1.5200
3207.5	1.5200
3229.5	1.5200
3251.5	1.5200
3273.5	1.5200
3295.5	1.5200
3317.5	1.5152
3339.5	1.5152
3361.5	1.5152
3383.5	1.5152
3405.5	1.5152
3427.5	1.5200
3449.5	1.5152
3471.5	1.5152
3493.5	1.5152
3515.5	1.5152
3537.5	1.5152
3559.5	1.5152
3581.5	1.5152
3608.5	1.5152
3630.5	1.5152
3652.5	1.5152
3674.5	1.5152
3696.5	1.5152
3719.5	1.5152
3741.5	1.5152
3763.5	1.5152
3785.5	1.5152
3807.5	1.5152
3829.5	1.5152
3851.5	1.5152
3873.5	1.5152
3895.5	1.5103
3917.5	1.5152
3939.5	1.5152
3961.5	1.5103
3983.5	1.5103
4005.5	1.5103
4027.5	1.5103
4049.5	1.5103
4071.5	1.5103
4093.5	1.5054
4120.5	1.5103
4142.5	1.5103
4164.5	1.5103
4186.5	1.5054
4208.5	1.5054
4231.5	1.5054
4253.5	1.5054
4275.5	1.5054
4297.5	1.5103
4319.5	1.5054
4341.5	1.5054
4363.5	1.5054
4385.5	1.5054
4407.5	1.5054
4429.5	1.5054
4451.5	1.5054
4473.5	1.5054
4495.5	1.5054
4517.5	1.5054
4539.5	1.5054
4561.5	1.5054
4583.5	1.5054
4605.5	1.5054
4632.5	1.5054
4654.5	1.5054
4676.5	1.5005
4698.5	1.5005
4720.5	1.5005
4743.5	1.5005
4765.5	1.5005
4787.5	1.5005
4809.5	1.5005
4831.5	1.5005
4853.5	1.5005
4875.5	1.5005
4897.5	1.5005
4919.5	1.5005
4941.5	1.5005
4963.5	1.5005
4985.5	1.5005
5007.5	1.5005
5029.5	1.5005
5051.5	1.5005
5073.5	1.5005
5095.5	1.5005
5117.5	1.5005
5144.5	1.5005
5166.5	1.5005
5188.5	1.5005
5210.5	1.5005
5232.5	1.5005
5255.5	1.5005
5277.5	1.5005
5299.5	1.5005
5321.5	1.5005
5343.5	1.5005
5365.5	1.5005
5387.5	1.5005
5409.5	1.5005
5431.5	1.5005
5453.5	1.5005
5475.5	1.5005
5497.5	1.4956
5519.5	1.4956
5541.5	1.4956
5563.5	1.4956
5585.5	1.4956
5607.5	1.5005
5629.5	1.4956
5656.5	1.4956
5678.5	1.4956
5700.5	1.4956
5722.5	1.4956
5744.5	1.4956
5767.5	1.4956
5789.5	1.4956
5811.5	1.4907
5833.5	1.4907
5855.5	1.4907
5877.5	1.4907
5899.5	1.4907
5921.5	1.4956
5943.5	1.4907
5965.5	1.4907
5987.5	1.4907
6009.5	1.4907
6031.5	1.4907
6053.5	1.4907
6075.5	1.4907
6097.5	1.4907
6119.5	1.4907
6141.5	1.4907
6168.5	1.4907
6190.5	1.4907
6212.5	1.4907
6234.5	1.4907
6256.5	1.4907
6279.5	1.4907
6301.5	1.4907
6323.5	1.4907
6345.5	1.4907
6367.5	1.4907
6389.5	1.4907
6411.5	1.4907
6433.5	1.4907
6455.5	1.4907
6477.5	1.4907
6499.5	1.4907
6521.5	1.4858
6543.5	1.4858
6565.5	1.4858
6587.5	1.4858
6609.5	1.4858
6631.5	1.4907
6653.5	1.4907
6680.5	1.4858
6702.5	1.4858
6724.5	1.4858
6746.5	1.4858
6768.5	1.4858
6791.5	1.4858
6813.5	1.4858
6835.5	1.4858
6857.5	1.4858
6879.5	1.4858
6901.5	1.4858
6923.5	1.4858
6945.5	1.4858
6967.5	1.4858
6989.5	1.4858
7011.5	1.4858
7033.5	1.4858
7055.5	1.4858
7077.5	1.4858
7099.5	1.4858
7121.5	1.4858
7143.5	1.4858
7165.5	1.4858
7192.5	1.4858
7214.5	1.4858
7236.5	1.4858
7258.5	1.4858
7280.5	1.4858
7303.5	1.4858
7325.5	1.4858
7347.5	1.4858
7369.5	1.4858
7391.5	1.4858
7413.5	1.4858
7435.5	1.4858
7457.5	1.4858
7479.5	1.4858
7501.5	1.4858
7523.5	1.4858
7545.5	1.4809
7567.5	1.4809
7589.5	1.4809
7611.5	1.4809
7633.5	1.4809
7655.5	1.4858
7677.5	1.4858
7704.5	1.4809
7726.5	1.4809
7748.5	1.4809
7770.5	1.4809
7792.5	1.4809
7815.5	1.4809
7837.5	1.4809
7859.5	1.4809
7881.5	1.4809
7903.5	1.4809
7925.5	1.4809
7947.5	1.4809
7969.5	1.4809
7991.5	1.4809
8013.5	1.4809
8035.5	1.4809
8057.5	1.4809
8079.5	1.4761
8101.5	1.4809
8123.5	1.4809
8145.5	1.4761
8167.5	1.4809
8189.5	1.4809
8216.5	1.4809
8238.5	1.4761
8260.5	1.4761
8282.5	1.4761
8304.5	1.4761
8327.5	1.4761
8349.5	1.4809
8371.5	1.4761
8393.5	1.4761
8415.5	1.4761
8437.5	1.4761
8459.5	1.4761
8481.5	1.4761
8503.5	1.4761
8525.5	1.4761
8547.5	1.4761
8569.5	1.4761
8591.5	1.4761
8613.5	1.4761
8635.5	1.4761
8657.5	1.4761
8679.5	1.4761
8701.5	1.4761
8728.5	1.4761
8750.5	1.4761
8772.5	1.4761
8794.5	1.4761
8816.5	1.4761
8839.5	1.4761
8861.5	1.4761
8883.5	1.4712
8905.5	1.4761
8927.5	1.4761
8949.5	1.4712
8971.5	1.4761
8993.5	1.4761
9015.5	1.4761
9037.5	1.4712
9059.5	1.4761
9081.5	1.4712
9103.5	1.4712
9125.5	1.4712
9147.5	1.4712
9169.5	1.4712
9191.5	1.4761
9213.5	1.4712
9240.5	1.4712
9262.5	1.4712
9284.5	1.4712
9306.5	1.4712
9328.5	1.4712
9351.5	1.4712
9373.5	1.4712
9395.5	1.4712
9417.5	1.4712
9439.5	1.4663
9461.5	1.4712
9483.5	1.4712
9505.5	1.4663
9527.5	1.4712
9549.5	1.4663
9571.5	1.4663
9593.5	1.4663
9615.5	1.4663
9637.5	1.4663
9659.5	1.4663
9681.5	1.4712
9703.5	1.4663
9725.5	1.4663
9752.5	1.4663
9774.5	1.4663
9796.5	1.4663
9818.5	1.4663
9840.5	1.4663
9863.5	1.4663
9885.5	1.4663
9907.5	1.4663
9929.5	1.4663
9951.5	1.4663
9973.5	1.4663
9995.5	1.4663
10017.5	1.4663
10039.5	1.4663
10061.5	1.4663
10083.5	1.4663
10105.5	1.4663
10127.5	1.4663
10149.5	1.4663
10171.5	1.4663
10193.5	1.4663
10215.5	1.4663
10237.5	1.4663
10264.5	1.4663
10286.5	1.4663
10308.5	1.4663
10330.5	1.4663
10352.5	1.4663
10375.5	1.4663
10397.5	1.4663
10419.5	1.4663
10441.5	1.4663
10463.5	1.4663
10485.5	1.4663
10507.5	1.4663
10529.5	1.4663
10551.5	1.4663
10573.5	1.4663
10595.5	1.4663
10617.5	1.4663
10639.5	1.4663
10661.5	1.4663
10683.5	1.4663
10705.5	1.4663
10727.5	1.4663
10749.5	1.4663
10776.5	1.4663
10798.5	1.4663
10820.5	1.4663
10842.5	1.4663
10864.5	1.4663
10887.5	1.4663
10909.5	1.4663
10931.5	1.4614
10953.5	1.4614
10975.5	1.4663
10997.5	1.4614
11019.5	1.4614
11041.5	1.4614
11063.5	1.4614
11085.5	1.4614
11107.5	1.4614
11129.5	1.4614
