Program: 1 camread
Address: WL 0   BL 0
Data Pattern: 010
Read/write time: 100 ms
Form/precharge time: 200 ms
Number of read/write pulses: 1

79.5	1.5005
101.5	1.5005
123.5	1.5005
150.5	1.5005
172.5	1.5005
194.5	1.5005
216.5	1.5054
238.5	1.5054
263.5	1.5054
285.5	1.5054
307.5	1.5103
329.5	1.5103
351.5	1.5103
373.5	1.5103
395.5	1.5103
417.5	1.5103
439.5	1.5103
461.5	1.5152
483.5	1.5103
505.5	1.5103
527.5	1.5103
549.5	1.5152
571.5	1.5103
593.5	1.5103
615.5	1.5103
637.5	1.5103
664.5	1.5103
686.5	1.5054
708.5	1.5054
730.5	1.5054
752.5	1.5054
775.5	1.5054
797.5	1.5054
819.5	1.5005
841.5	1.5005
863.5	1.5005
885.5	1.5005
907.5	1.5005
933.5	1.5005
955.5	1.5005
977.5	1.5005
999.5	1.5005
1021.5	1.4956
1048.5	1.4956
1070.5	1.4907
1092.5	1.4907
1114.5	1.4907
1136.5	1.4907
1159.5	1.4907
1181.5	1.4858
1203.5	1.4858
1225.5	1.4858
1247.5	1.4858
1269.5	1.4809
1291.5	1.4809
1313.5	1.4809
1335.5	1.4809
1357.5	1.4761
1379.5	1.4761
1401.5	1.4761
1423.5	1.4712
1445.5	1.4712
1467.5	1.4663
1489.5	1.4663
1511.5	1.4663
1533.5	1.4663
1560.5	1.4614
1582.5	1.4614
1604.5	1.4614
1626.5	1.4516
1648.5	1.4516
1671.5	1.4516
1693.5	1.4516
1715.5	1.4418
1737.5	1.4418
1759.5	1.4418
1781.5	1.4418
1803.5	1.4418
1825.5	1.4418
1847.5	1.4418
1869.5	1.4418
1891.5	1.4370
1913.5	1.4370
1935.5	1.4321
1957.5	1.4272
1979.5	1.4272
2001.5	1.4223
2023.5	1.4223
2045.5	1.4223
2072.5	1.4223
2094.5	1.4174
2116.5	1.4125
2138.5	1.4125
2160.5	1.4125
2183.5	1.4076
2205.5	1.4027
2227.5	1.4027
2249.5	1.4027
2271.5	1.4027
2293.5	1.4027
2315.5	1.3978
2337.5	1.3978
2359.5	1.3978
2381.5	1.3930
2403.5	1.3930
2425.5	1.3881
2447.5	1.3881
2469.5	1.3881
2491.5	1.3832
2513.5	1.3832
2535.5	1.3832
2557.5	1.3734
2584.5	1.3734
2606.5	1.3734
2628.5	1.3685
2650.5	1.3685
2672.5	1.3685
2695.5	1.3685
2717.5	1.3636
2739.5	1.3636
2761.5	1.3587
2783.5	1.3587
2805.5	1.3539
2827.5	1.3539
2849.5	1.3490
2871.5	1.3490
2893.5	1.3490
2915.5	1.3441
2937.5	1.3441
2959.5	1.3441
2981.5	1.3441
3003.5	1.3343
3025.5	1.3343
3047.5	1.3343
3069.5	1.3343
3096.5	1.3245
3118.5	1.3245
3140.5	1.3245
3162.5	1.3245
3184.5	1.3245
3207.5	1.3196
3229.5	1.3196
3251.5	1.3196
3273.5	1.3148
3295.5	1.3099
3317.5	1.3099
3339.5	1.3099
3361.5	1.3099
3383.5	1.3050
3405.5	1.3050
3427.5	1.3001
3449.5	1.3001
3471.5	1.2952
3493.5	1.2952
3515.5	1.2952
3537.5	1.2854
3559.5	1.2854
3581.5	1.2854
3608.5	1.2854
3630.5	1.2854
3652.5	1.2854
3674.5	1.2805
3696.5	1.2805
3719.5	1.2805
3741.5	1.2805
3763.5	1.2757
3785.5	1.2708
3807.5	1.2659
3829.5	1.2659
3851.5	1.2659
3873.5	1.2659
3895.5	1.2659
3917.5	1.2659
3939.5	1.2610
3961.5	1.2561
3983.5	1.2561
4005.5	1.2561
4027.5	1.2463
4049.5	1.2463
4071.5	1.2463
4093.5	1.2463
4120.5	1.2463
4142.5	1.2463
4164.5	1.2414
4186.5	1.2414
4208.5	1.2414
4231.5	1.2414
4253.5	1.2366
4275.5	1.2317
4297.5	1.2317
4319.5	1.2317
4341.5	1.2317
4363.5	1.2317
4385.5	1.2268
4407.5	1.2268
4429.5	1.2219
4451.5	1.2170
4473.5	1.2170
4495.5	1.2170
4517.5	1.2170
4539.5	1.2121
4561.5	1.2121
4583.5	1.2121
4605.5	1.2121
4632.5	1.2121
4654.5	1.2072
4676.5	1.2072
4698.5	1.2072
4720.5	1.2023
4743.5	1.2023
4765.5	1.2023
4787.5	1.2023
4809.5	1.1975
4831.5	1.1926
4853.5	1.1926
4875.5	1.1877
4897.5	1.1877
4919.5	1.1877
4941.5	1.1877
4963.5	1.1877
4985.5	1.1828
5007.5	1.1828
5029.5	1.1779
5051.5	1.1779
5073.5	1.1779
5095.5	1.1779
5117.5	1.1779
5144.5	1.1730
5166.5	1.1730
5188.5	1.1730
5210.5	1.1730
5232.5	1.1730
5255.5	1.1681
5277.5	1.1681
5299.5	1.1681
5321.5	1.1632
5343.5	1.1632
5365.5	1.1632
5387.5	1.1584
5409.5	1.1584
5431.5	1.1535
5453.5	1.1535
5475.5	1.1535
5497.5	1.1535
5519.5	1.1535
5541.5	1.1535
5563.5	1.1535
5585.5	1.1486
5607.5	1.1486
5629.5	1.1486
5656.5	1.1437
5678.5	1.1388
5700.5	1.1388
5722.5	1.1388
5744.5	1.1388
5767.5	1.1339
5789.5	1.1290
5811.5	1.1290
5833.5	1.1290
5855.5	1.1290
5877.5	1.1290
5899.5	1.1290
5921.5	1.1290
5943.5	1.1290
5965.5	1.1290
5987.5	1.1290
6009.5	1.1241
6031.5	1.1241
6053.5	1.1241
6075.5	1.1241
6097.5	1.1241
6119.5	1.1144
6141.5	1.1144
6168.5	1.1144
6190.5	1.1095
6212.5	1.1095
6234.5	1.1095
6256.5	1.1095
6279.5	1.1095
6301.5	1.1095
6323.5	1.1095
6345.5	1.1046
6367.5	1.1046
6389.5	1.1046
6411.5	1.0997
6433.5	1.0997
6455.5	1.0997
6477.5	1.0997
6499.5	1.0948
6521.5	1.0948
6543.5	1.0948
6565.5	1.0948
6587.5	1.0948
6609.5	1.0948
6631.5	1.0948
6653.5	1.0948
6680.5	1.0899
6702.5	1.0899
6724.5	1.0899
6746.5	1.0899
6768.5	1.0850
6791.5	1.0850
6813.5	1.0850
6835.5	1.0850
6857.5	1.0802
6879.5	1.0802
6901.5	1.0802
6923.5	1.0802
6945.5	1.0753
6967.5	1.0753
6989.5	1.0753
7011.5	1.0753
7033.5	1.0753
7055.5	1.0753
7077.5	1.0753
7099.5	1.0753
7121.5	1.0753
7143.5	1.0704
7165.5	1.0704
7192.5	1.0655
7214.5	1.0655
7236.5	1.0606
7258.5	1.0606
7280.5	1.0606
7303.5	1.0606
7325.5	1.0606
7347.5	1.0606
7369.5	1.0606
7391.5	1.0557
7413.5	1.0557
7435.5	1.0557
7457.5	1.0557
7479.5	1.0557
7501.5	1.0557
7523.5	1.0557
7545.5	1.0557
7567.5	1.0557
7589.5	1.0508
7611.5	1.0508
7633.5	1.0557
7655.5	1.0508
7677.5	1.0508
7704.5	1.0508
7726.5	1.0459
7748.5	1.0459
7770.5	1.0459
7792.5	1.0459
7815.5	1.0459
7837.5	1.0459
7859.5	1.0411
7881.5	1.0411
7903.5	1.0362
7925.5	1.0362
7947.5	1.0362
7969.5	1.0362
7991.5	1.0362
8013.5	1.0313
8035.5	1.0313
8057.5	1.0313
8079.5	1.0313
8101.5	1.0313
8123.5	1.0313
8145.5	1.0313
8167.5	1.0313
8189.5	1.0313
8216.5	1.0313
8238.5	1.0264
8260.5	1.0264
8282.5	1.0264
8304.5	1.0215
8327.5	1.0215
8349.5	1.0215
8371.5	1.0215
8393.5	1.0215
8415.5	1.0215
8437.5	1.0215
8459.5	1.0215
8481.5	1.0166
8503.5	1.0117
8525.5	1.0166
8547.5	1.0117
8569.5	1.0117
8591.5	1.0117
8613.5	1.0117
8635.5	1.0117
8657.5	1.0117
8679.5	1.0117
8701.5	1.0117
8728.5	1.0117
8750.5	1.0117
8772.5	1.0117
8794.5	1.0117
8816.5	1.0068
8839.5	1.0117
8861.5	1.0068
8883.5	1.0068
8905.5	1.0068
8927.5	1.0068
8949.5	1.0068
8971.5	1.0068
8993.5	1.0068
9015.5	1.0020
9037.5	1.0020
9059.5	0.9971
9081.5	0.9971
9103.5	0.9971
9125.5	0.9971
9147.5	0.9971
9169.5	0.9971
9191.5	0.9971
9213.5	0.9971
9240.5	0.9971
9262.5	0.9971
9284.5	0.9971
9306.5	0.9971
9328.5	0.9971
9351.5	0.9971
9373.5	0.9922
9395.5	0.9922
9417.5	0.9922
9439.5	0.9922
9461.5	0.9922
9483.5	0.9922
9505.5	0.9922
9527.5	0.9922
9549.5	0.9873
9571.5	0.9873
9593.5	0.9824
9615.5	0.9824
9637.5	0.9824
9659.5	0.9824
9681.5	0.9824
9703.5	0.9824
9725.5	0.9824
9752.5	0.9824
9774.5	0.9824
9796.5	0.9775
9818.5	0.9775
9840.5	0.9726
9863.5	0.9824
9885.5	0.9726
9907.5	0.9726
9929.5	0.9726
9951.5	0.9726
9973.5	0.9726
9995.5	0.9726
10017.5	0.9726
10039.5	0.9726
10061.5	0.9726
10083.5	0.9726
10105.5	0.9726
10127.5	0.9726
10149.5	0.9726
10171.5	0.9726
10193.5	0.9726
10215.5	0.9726
10237.5	0.9726
10264.5	0.9726
10286.5	0.9726
10308.5	0.9726
10330.5	0.9726
10352.5	0.9726
10375.5	0.9677
10397.5	0.9677
10419.5	0.9677
10441.5	0.9677
10463.5	0.9677
10485.5	0.9677
10507.5	0.9677
10529.5	0.9677
10551.5	0.9677
10573.5	0.9677
10595.5	0.9629
10617.5	0.9629
10639.5	0.9629
10661.5	0.9629
10683.5	0.9629
10705.5	0.9629
10727.5	0.9629
10749.5	0.9580
10776.5	0.9580
10798.5	0.9580
10820.5	0.9580
10842.5	0.9580
10864.5	0.9580
10887.5	0.9580
10909.5	0.9531
10931.5	0.9531
10953.5	0.9531
10975.5	0.9531
10997.5	0.9531
11019.5	0.9531
11041.5	0.9531
11063.5	0.9531
11085.5	0.9531
11107.5	0.9531
11129.5	0.9531
