Program: 1 camread
Address: WL 0   BL 0
Data Pattern: 000
Read/write time: 100 ms
Form/precharge time: 20 ms
Number of read/write pulses: 1

80.0	3.8270
102.0	3.8221
124.0	3.8123
151.0	3.8074
173.0	3.7977
195.0	3.7928
217.0	3.7879
239.0	3.7830
270.0	3.7732
292.0	3.7634
314.0	3.7586
336.0	3.7537
358.0	3.7439
380.0	3.7341
407.0	3.7292
429.0	3.7195
451.0	3.7146
473.0	3.7097
495.0	3.6999
519.5	3.6901
541.0	3.6804
563.0	3.6755
585.0	3.6706
607.0	3.6657
629.0	3.6559
651.0	3.6510
673.0	3.6413
695.0	3.6315
717.0	3.6266
739.0	3.6217
761.0	3.6119
783.0	3.6022
805.0	3.5973
827.0	3.5924
849.0	3.5826
871.0	3.5777
893.0	3.5679
920.0	3.5582
942.0	3.5582
964.0	3.5484
986.0	3.5386
1008.0	3.5337
1031.5	3.5239
1053.0	3.5142
1075.0	3.5093
1097.0	3.4995
1119.0	3.4995
1141.0	3.4848
1163.0	3.4751
1185.0	3.4751
1207.0	3.4702
1229.0	3.4555
1251.0	3.4555
1273.0	3.4457
1295.0	3.4409
1317.0	3.4311
1339.0	3.4213
1361.0	3.4213
1383.0	3.4066
1405.0	3.4018
1432.0	3.4018
1454.0	3.3871
1476.0	3.3773
1498.0	3.3724
1520.0	3.3675
1543.5	3.3627
1565.0	3.3529
1587.0	3.3431
1609.0	3.3431
1631.0	3.3284
1653.0	3.3187
1675.0	3.3187
1697.0	3.3138
1719.0	3.3040
1741.0	3.2991
1763.0	3.2893
1785.0	3.2796
1807.0	3.2796
1829.0	3.2698
1851.0	3.2649
1873.0	3.2551
1895.0	3.2502
1917.0	3.2454
1944.0	3.2356
1966.0	3.2258
1988.0	3.2209
2010.0	3.2111
2032.0	3.2014
2055.5	3.2014
2077.0	3.1965
2099.0	3.1867
2121.0	3.1818
2143.0	3.1720
2165.0	3.1623
2187.0	3.1623
2209.0	3.1525
2231.0	3.1427
2253.0	3.1427
2275.0	3.1329
2297.0	3.1232
2319.0	3.1232
2341.0	3.1134
2363.0	3.1085
2385.0	3.0987
2407.0	3.0938
2429.0	3.0890
2456.0	3.0792
2478.0	3.0694
2500.0	3.0645
2522.0	3.0547
2544.0	3.0499
2567.5	3.0450
2589.0	3.0401
2611.0	3.0303
2633.0	3.0254
2655.0	3.0156
2677.0	3.0059
2699.0	3.0059
2721.0	3.0010
2743.0	2.9912
2765.0	2.9863
2787.0	2.9765
2809.0	2.9717
2831.0	2.9668
2853.0	2.9619
2875.0	2.9521
2897.0	2.9472
2919.0	2.9374
2941.0	2.9326
2968.0	2.9277
2990.0	2.9228
3012.0	2.9081
3034.0	2.9081
3056.0	2.8983
3079.5	2.8886
3101.0	2.8886
3123.0	2.8788
3145.0	2.8739
3167.0	2.8690
3189.0	2.8592
3211.0	2.8495
3233.0	2.8495
3255.0	2.8446
3277.0	2.8348
3299.0	2.8299
3321.0	2.8201
3343.0	2.8104
3365.0	2.8104
3387.0	2.8055
3409.0	2.7957
3431.0	2.7908
3453.0	2.7810
3480.0	2.7761
3502.0	2.7713
3524.0	2.7664
3546.0	2.7566
3568.0	2.7517
3591.5	2.7419
3613.0	2.7370
3635.0	2.7322
3657.0	2.7273
3679.0	2.7175
3701.0	2.7126
3723.0	2.7028
3745.0	2.6931
3767.0	2.6931
3789.0	2.6882
3811.0	2.6784
3833.0	2.6735
3855.0	2.6686
3877.0	2.6588
3899.0	2.6540
3921.0	2.6491
3943.0	2.6442
3965.0	2.6393
3992.0	2.6295
4014.0	2.6197
4036.0	2.6197
4058.0	2.6149
4080.0	2.6002
4103.5	2.5953
4125.0	2.5953
4147.0	2.5855
4169.0	2.5758
4191.0	2.5758
4213.0	2.5660
4235.0	2.5611
4257.0	2.5562
4279.0	2.5464
4301.0	2.5415
4323.0	2.5367
4345.0	2.5318
4367.0	2.5220
4389.0	2.5171
4411.0	2.5122
4433.0	2.5024
4455.0	2.5024
4477.0	2.4927
4504.0	2.4829
4526.0	2.4829
4548.0	2.4731
4570.0	2.4633
4592.0	2.4633
4615.5	2.4536
4637.0	2.4487
4659.0	2.4389
4681.0	2.4389
4703.0	2.4291
4725.0	2.4242
4747.0	2.4194
4769.0	2.4145
4791.0	2.4047
4813.0	2.4047
4835.0	2.3900
4857.0	2.3851
4879.0	2.3803
4901.0	2.3754
4923.0	2.3705
4945.0	2.3656
4967.0	2.3607
4989.0	2.3509
5016.0	2.3460
5038.0	2.3412
5060.0	2.3363
5082.0	2.3265
5104.0	2.3216
5127.5	2.3167
5149.0	2.3069
5171.0	2.3069
5193.0	2.2972
5215.0	2.2874
5237.0	2.2825
5259.0	2.2825
5281.0	2.2727
5303.0	2.2630
5325.0	2.2630
5347.0	2.2581
5369.0	2.2483
5391.0	2.2434
5413.0	2.2336
5435.0	2.2239
5457.0	2.2239
5479.0	2.2239
5501.0	2.2141
5528.0	2.2043
5550.0	2.1994
5572.0	2.1945
5594.0	2.1896
5616.0	2.1848
5639.5	2.1799
5661.0	2.1701
5683.0	2.1652
5705.0	2.1554
5727.0	2.1505
5749.0	2.1505
5771.0	2.1457
5793.0	2.1408
5815.0	2.1310
5837.0	2.1261
5859.0	2.1163
5881.0	2.1114
5903.0	2.1114
5925.0	2.1017
5947.0	2.0968
5969.0	2.0919
5991.0	2.0870
6013.0	2.0772
6040.0	2.0674
6062.0	2.0674
6084.0	2.0626
6106.0	2.0528
6128.0	2.0479
6151.5	2.0479
6173.0	2.0381
6195.0	2.0283
6217.0	2.0283
6239.0	2.0235
6261.0	2.0137
6283.0	2.0137
6305.0	2.0039
6327.0	1.9990
6349.0	1.9941
6371.0	1.9892
6393.0	1.9844
6415.0	1.9746
6437.0	1.9697
6459.0	1.9648
6481.0	1.9599
6503.0	1.9501
6525.0	1.9501
6552.0	1.9453
6574.0	1.9355
6596.0	1.9355
6618.0	1.9257
6640.0	1.9208
6663.5	1.9110
6685.0	1.9110
6707.0	1.9062
6729.0	1.8964
6751.0	1.8915
6773.0	1.8915
6795.0	1.8817
6817.0	1.8768
6839.0	1.8768
6861.0	1.8671
6883.0	1.8573
6905.0	1.8573
6927.0	1.8524
6949.0	1.8426
6971.0	1.8377
6993.0	1.8377
7015.0	1.8280
7037.0	1.8231
7064.0	1.8133
7086.0	1.8133
7108.0	1.8035
7130.0	1.7986
7152.0	1.7986
7175.5	1.7889
7197.0	1.7840
7219.0	1.7791
7241.0	1.7742
7263.0	1.7644
7285.0	1.7595
7307.0	1.7546
7329.0	1.7546
7351.0	1.7498
7373.0	1.7400
7395.0	1.7351
7417.0	1.7302
7439.0	1.7253
7461.0	1.7204
7483.0	1.7204
7505.0	1.7155
7527.0	1.7058
7549.0	1.7009
7576.0	1.6960
7598.0	1.6862
7620.0	1.6813
7642.0	1.6813
7664.0	1.6764
7687.5	1.6716
7709.0	1.6618
7731.0	1.6569
7753.0	1.6520
7775.0	1.6471
7797.0	1.6373
7819.0	1.6373
7841.0	1.6325
7863.0	1.6325
7885.0	1.6227
7907.0	1.6178
7929.0	1.6080
7951.0	1.6080
7973.0	1.5982
7995.0	1.5982
8017.0	1.5934
8039.0	1.5885
8061.0	1.5787
8088.0	1.5787
8110.0	1.5689
8132.0	1.5591
8154.0	1.5591
8176.0	1.5591
8199.5	1.5543
8221.0	1.5445
8243.0	1.5445
8265.0	1.5396
8287.0	1.5298
8309.0	1.5249
8331.0	1.5249
8353.0	1.5200
8375.0	1.5152
8397.0	1.5054
8419.0	1.5005
8441.0	1.5005
8463.0	1.4907
8485.0	1.4907
8507.0	1.4858
8529.0	1.4809
8551.0	1.4761
8573.0	1.4663
8600.0	1.4663
8622.0	1.4614
8644.0	1.4516
8666.0	1.4467
8688.0	1.4418
8711.5	1.4418
8733.0	1.4370
8755.0	1.4321
8777.0	1.4223
8799.0	1.4223
8821.0	1.4174
8843.0	1.4125
8865.0	1.4027
8887.0	1.4027
8909.0	1.4027
8931.0	1.3930
8953.0	1.3881
8975.0	1.3881
8997.0	1.3832
9019.0	1.3734
9041.0	1.3734
9063.0	1.3685
9085.0	1.3636
9112.0	1.3587
9134.0	1.3490
9156.0	1.3441
9178.0	1.3441
9200.0	1.3392
9223.5	1.3343
9245.0	1.3245
9267.0	1.3245
9289.0	1.3196
9311.0	1.3196
9333.0	1.3099
9355.0	1.3099
9377.0	1.3099
9399.0	1.3001
9421.0	1.2952
9443.0	1.2854
9465.0	1.2854
9487.0	1.2854
9509.0	1.2805
9531.0	1.2757
9553.0	1.2659
9575.0	1.2659
9597.0	1.2561
9624.0	1.2561
9646.0	1.2463
9668.0	1.2463
9690.0	1.2414
9712.0	1.2414
9735.5	1.2366
9757.0	1.2317
9779.0	1.2268
9801.0	1.2170
9823.0	1.2170
9845.0	1.2121
9867.0	1.2121
9889.0	1.2072
9911.0	1.2023
9933.0	1.1926
9955.0	1.1926
9977.0	1.1877
9999.0	1.1828
10021.0	1.1779
10043.0	1.1779
10065.0	1.1730
10087.0	1.1681
10109.0	1.1632
10136.0	1.1584
10158.0	1.1535
10180.0	1.1535
10202.0	1.1486
10224.0	1.1388
10247.5	1.1388
10269.0	1.1290
10291.0	1.1290
10313.0	1.1290
10335.0	1.1241
10357.0	1.1193
10379.0	1.1144
10401.0	1.1095
10423.0	1.1095
10445.0	1.1046
10467.0	1.0997
10489.0	1.0948
10511.0	1.0948
10533.0	1.0899
10555.0	1.0850
10577.0	1.0850
10599.0	1.0753
10621.0	1.0753
10648.0	1.0704
10670.0	1.0606
10692.0	1.0606
10714.0	1.0557
10736.0	1.0557
10759.5	1.0557
10781.0	1.0459
10803.0	1.0459
10825.0	1.0362
10847.0	1.0313
10869.0	1.0313
10891.0	1.0313
10913.0	1.0264
10935.0	1.0215
10957.0	1.0117
10979.0	1.0117
11001.0	1.0117
11023.0	1.0068
11045.0	1.0068
11067.0	1.0020
11089.0	0.9971
11111.0	0.9922
11133.0	0.9873
