45.0	2.4389
67.0	2.4389
89.0	2.4389
111.0	2.4389
135.5	2.4438
157.0	2.4438
179.0	2.4438
201.0	2.4438
223.0	2.4438
245.0	2.4438
266.5	2.4438
288.0	2.4438
310.0	2.4487
332.0	2.4487
354.0	2.4536
376.0	2.4487
398.0	2.4487
420.0	2.4536
445.5	2.4536
467.0	2.4536
489.0	2.4536
511.0	2.4536
536.5	2.4536
558.0	2.4536
580.0	2.4536
602.0	2.4536
624.0	2.4536
647.0	2.4585
669.0	2.4585
691.0	2.4585
713.0	2.4585
735.0	2.4585
757.0	2.4585
779.0	2.4633
801.0	2.4633
823.0	2.4633
845.0	2.4633
867.0	2.4633
889.0	2.4633
911.0	2.4633
933.0	2.4633
955.0	2.4633
977.0	2.4633
999.0	2.4633
1021.0	2.4633
1048.0	2.4633
1070.0	2.4633
1092.0	2.4633
1114.0	2.4633
1136.0	2.4633
1159.5	2.4633
1181.0	2.4633
1203.0	2.4682
1225.0	2.4633
1247.0	2.4682
1269.0	2.4682
1291.0	2.4682
1313.0	2.4682
1335.0	2.4682
1357.0	2.4682
1379.0	2.4682
1401.0	2.4682
1422.5	2.4682
1444.0	2.4682
1470.0	2.4682
1492.0	2.4780
1514.0	2.4731
1536.0	2.4780
1559.0	2.4780
1581.0	2.4780
1603.0	2.4780
1625.0	2.4780
1647.0	2.4780
1671.5	2.4780
1692.5	2.4780
1714.0	2.4780
1736.0	2.4780
1758.0	2.4829
1780.0	2.4829
1802.0	2.4829
1824.0	2.4829
1846.0	2.4829
1868.0	2.4829
1890.0	2.4829
1912.0	2.4829
1934.0	2.4829
1956.0	2.4829
1978.0	2.4829
2000.0	2.4829
2022.0	2.4829
2044.0	2.4829
2070.0	2.4829
2092.0	2.4878
2114.0	2.4829
2136.0	2.4878
2158.0	2.4878
2183.5	2.4878
2205.0	2.4878
2227.0	2.4927
2249.0	2.4927
2271.0	2.4927
2293.0	2.4927
2315.0	2.4927
2337.0	2.4927
2359.0	2.4927
2381.0	2.4927
2403.0	2.4927
2425.0	2.4927
2447.0	2.4927
2469.0	2.4927
2494.0	2.4976
2516.0	2.4976
2538.0	2.4976
2565.0	2.4976
2587.0	2.4976
2609.0	2.4976
2631.0	2.4976
2653.0	2.4976
2675.0	2.4976
2696.5	2.4976
2718.0	2.4976
2740.0	2.5024
2762.0	2.5024
2784.0	2.5024
2806.0	2.5024
2828.0	2.5024
2850.0	2.5024
2872.0	2.5024
2894.0	2.5024
2916.0	2.5024
2938.0	2.5024
2960.0	2.5024
2982.0	2.5024
3004.0	2.5073
3026.0	2.5073
3048.0	2.5073
3070.0	2.5073
3096.0	2.5073
3118.0	2.5073
3140.0	2.5073
3162.0	2.5073
3184.0	2.5073
3207.0	2.5073
3229.0	2.5073
3251.0	2.5122
3273.0	2.5122
3295.0	2.5122
3317.0	2.5122
3339.0	2.5171
3361.0	2.5171
3383.0	2.5171
3405.0	2.5171
3427.0	2.5171
3449.0	2.5171
3471.0	2.5171
3493.0	2.5171
3518.0	2.5171
3540.0	2.5171
3562.0	2.5171
3584.0	2.5171
3607.0	2.5171
3629.0	2.5171
3651.0	2.5171
3673.0	2.5171
3695.0	2.5171
3719.5	2.5220
3741.0	2.5220
3763.0	2.5220
3785.0	2.5220
3807.0	2.5220
3829.0	2.5220
3851.0	2.5220
3873.0	2.5220
3895.0	2.5269
3917.0	2.5220
3939.0	2.5269
3961.0	2.5220
3982.5	2.5269
4004.0	2.5269
4026.0	2.5318
4048.0	2.5318
4070.0	2.5318
4092.0	2.5318
4117.5	2.5318
4139.0	2.5318
4161.0	2.5318
4183.0	2.5318
4205.0	2.5318
4231.5	2.5318
4252.5	2.5367
4274.0	2.5367
4296.0	2.5367
4318.0	2.5367
4340.0	2.5367
4362.0	2.5367
4384.0	2.5367
4406.0	2.5367
4428.0	2.5367
4450.0	2.5367
4472.0	2.5367
4494.0	2.5367
4516.0	2.5367
4542.0	2.5367
4564.0	2.5367
4586.0	2.5367
4608.0	2.5367
4630.5	2.5367
4652.0	2.5367
4674.0	2.5367
4696.0	2.5367
4718.0	2.5415
4743.5	2.5415
4765.0	2.5367
4787.0	2.5415
4809.0	2.5415
4831.0	2.5415
4853.0	2.5415
4875.0	2.5464
4897.0	2.5464
4919.0	2.5464
4941.0	2.5464
4963.0	2.5464
4985.0	2.5464
5007.0	2.5464
5029.0	2.5464
5051.0	2.5464
5073.0	2.5464
5095.0	2.5464
5117.0	2.5513
5143.0	2.5513
5165.0	2.5513
5187.0	2.5513
5209.0	2.5562
5231.0	2.5562
5255.5	2.5562
5277.0	2.5562
5299.0	2.5562
5321.0	2.5562
5343.0	2.5562
5365.0	2.5562
5386.5	2.5562
5408.0	2.5611
5430.0	2.5611
5452.0	2.5611
5474.0	2.5611
5496.0	2.5611
5518.0	2.5611
5540.0	2.5611
5565.5	2.5611
5587.0	2.5611
5609.0	2.5611
5631.0	2.5611
5656.5	2.5611
5678.0	2.5611
5700.0	2.5611
5722.0	2.5611
5744.0	2.5611
5767.0	2.5660
5789.0	2.5660
5811.0	2.5660
5833.0	2.5660
5855.0	2.5660
5877.0	2.5660
5899.0	2.5709
5921.0	2.5709
5943.0	2.5709
5965.0	2.5709
5987.0	2.5709
6009.0	2.5709
6031.0	2.5709
6053.0	2.5709
6075.0	2.5709
6097.0	2.5709
6119.0	2.5709
6141.0	2.5709
6168.0	2.5758
6190.0	2.5758
6212.0	2.5758
6234.0	2.5758
6256.0	2.5758
6279.5	2.5758
6301.0	2.5758
6323.0	2.5758
6345.0	2.5758
6367.0	2.5758
6389.0	2.5758
6411.0	2.5758
6433.0	2.5758
6455.0	2.5758
6477.0	2.5758
6499.0	2.5758
6521.0	2.5758
6542.5	2.5758
6564.0	2.5758
6590.0	2.5758
6612.0	2.5855
6634.0	2.5806
6656.0	2.5806
6679.0	2.5806
6701.0	2.5806
6723.0	2.5855
6745.0	2.5855
6767.0	2.5855
6791.5	2.5855
6812.5	2.5855
6834.0	2.5855
6856.0	2.5855
6878.0	2.5855
6900.0	2.5855
6922.0	2.5855
6944.0	2.5855
6966.0	2.5904
6988.0	2.5904
7010.0	2.5904
7032.0	2.5904
7054.0	2.5953
7076.0	2.5904
7098.0	2.5953
7120.0	2.5953
7142.0	2.5953
7164.0	2.5953
7190.0	2.5953
7212.0	2.5953
7234.0	2.5953
7256.0	2.5953
7278.0	2.5953
7303.5	2.5953
7325.0	2.5953
7347.0	2.5953
7369.0	2.5953
7391.0	2.5953
7413.0	2.5953
7435.0	2.5953
7457.0	2.5953
7479.0	2.6002
7501.0	2.6002
7523.0	2.6002
7545.0	2.6002
7567.0	2.6002
7589.0	2.6002
7614.0	2.6002
7636.0	2.6051
7658.0	2.6002
7685.0	2.6051
7707.0	2.6051
7729.0	2.6051
7751.0	2.6051
7773.0	2.6100
7795.0	2.6051
7816.5	2.6100
7838.0	2.6100
7860.0	2.6100
7882.0	2.6100
7904.0	2.6100
7926.0	2.6100
7948.0	2.6100
7970.0	2.6149
7992.0	2.6100
8014.0	2.6100
8036.0	2.6149
8058.0	2.6149
8080.0	2.6149
8102.0	2.6149
8124.0	2.6149
8146.0	2.6149
8168.0	2.6149
8190.0	2.6197
8216.0	2.6197
8238.0	2.6197
8260.0	2.6197
8282.0	2.6197
8304.0	2.6197
8327.0	2.6197
8349.0	2.6197
8371.0	2.6197
8393.0	2.6197
8415.0	2.6197
8437.0	2.6197
8459.0	2.6197
8481.0	2.6197
8503.0	2.6197
8525.0	2.6197
8547.0	2.6197
8569.0	2.6197
8591.0	2.6197
8613.0	2.6197
8638.0	2.6197
8660.0	2.6246
8682.0	2.6246
8704.0	2.6246
8727.0	2.6246
8749.0	2.6246
8771.0	2.6246
8793.0	2.6246
8815.0	2.6246
8839.5	2.6246
8861.0	2.6246
8883.0	2.6246
8905.0	2.6246
8927.0	2.6246
8949.0	2.6295
8971.0	2.6344
8993.0	2.6295
9015.0	2.6344
9037.0	2.6344
9059.0	2.6344
9081.0	2.6344
9102.5	2.6344
9124.0	2.6344
9146.0	2.6344
9168.0	2.6344
9190.0	2.6344
9212.0	2.6393
9237.5	2.6393
9259.0	2.6393
9281.0	2.6393
9303.0	2.6393
9325.0	2.6393
9351.5	2.6393
9372.5	2.6393
9394.0	2.6393
9416.0	2.6393
9438.0	2.6393
9460.0	2.6393
9482.0	2.6393
9504.0	2.6393
9526.0	2.6393
9548.0	2.6393
9570.0	2.6393
9592.0	2.6442
9614.0	2.6393
9636.0	2.6442
9662.0	2.6442
9684.0	2.6491
9706.0	2.6442
9728.0	2.6491
9750.5	2.6491
9772.0	2.6491
9794.0	2.6491
9816.0	2.6491
9838.0	2.6491
9863.5	2.6491
9885.0	2.6491
9907.0	2.6491
9929.0	2.6491
9951.0	2.6491
9973.0	2.6540
9995.0	2.6540
10017.0	2.6540
10039.0	2.6540
10061.0	2.6540
10083.0	2.6540
10105.0	2.6540
10127.0	2.6540
10149.0	2.6540
10171.0	2.6540
10193.0	2.6540
10215.0	2.6540
10237.0	2.6540
10263.0	2.6540
10285.0	2.6540
10307.0	2.6540
10329.0	2.6540
10351.0	2.6540
10375.5	2.6540
10397.0	2.6540
10419.0	2.6540
10441.0	2.6540
10463.0	2.6540
10485.0	2.6540
10506.5	2.6588
10528.0	2.6588
10550.0	2.6588
10572.0	2.6637
10594.0	2.6637
10616.0	2.6637
10638.0	2.6637
10660.0	2.6637
10685.5	2.6637
10707.0	2.6637
10729.0	2.6637
10751.0	2.6637
10776.5	2.6637
10798.0	2.6637
10820.0	2.6637
10842.0	2.6686
10864.0	2.6686
10887.0	2.6686
10909.0	2.6686
10931.0	2.6686
10953.0	2.6686
10975.0	2.6686
10997.0	2.6735
11019.0	2.6735
11041.0	2.6735
11063.0	2.6735
11085.0	2.6735
11107.0	2.6735
