79.0	0.1711
101.0	0.1711
123.0	0.1711
150.0	0.1711
172.0	0.1711
194.0	0.1711
216.0	0.1711
238.0	0.1711
263.5	0.1711
285.0	0.1711
307.0	0.1711
329.0	0.1711
351.0	0.1711
373.0	0.1711
395.0	0.1711
417.0	0.1711
439.0	0.1711
461.0	0.1711
483.0	0.1711
505.0	0.1662
526.5	0.1711
548.0	0.1711
570.0	0.1711
592.0	0.1662
614.0	0.1711
636.0	0.1711
661.5	0.1662
683.0	0.1711
705.0	0.1711
727.0	0.1711
749.0	0.1711
775.5	0.1711
796.5	0.1711
818.0	0.1662
840.0	0.1662
862.0	0.1662
884.0	0.1662
906.0	0.1662
928.0	0.1711
950.0	0.1662
972.0	0.1662
994.0	0.1662
1016.0	0.1662
1038.0	0.1662
1060.0	0.1711
1082.0	0.1662
1104.0	0.1662
1126.0	0.1662
1148.0	0.1613
1174.0	0.1662
1196.0	0.1662
1218.0	0.1662
1240.0	0.1662
1262.0	0.1662
1287.5	0.1662
1309.0	0.1662
1331.0	0.1662
1353.0	0.1613
1375.0	0.1662
1397.0	0.1662
1419.0	0.1662
1441.0	0.1662
1463.0	0.1662
1485.0	0.1613
1507.0	0.1613
1529.0	0.1613
1551.0	0.1613
1573.0	0.1613
1595.0	0.1662
1617.0	0.1613
1639.0	0.1613
1661.0	0.1613
1687.0	0.1613
1709.0	0.1613
1731.0	0.1613
1753.0	0.1613
1775.0	0.1613
1799.5	0.1613
1821.0	0.1613
1843.0	0.1613
1865.0	0.1613
1887.0	0.1613
1909.0	0.1613
1930.5	0.1613
1952.0	0.1613
1974.0	0.1613
1996.0	0.1613
2018.0	0.1613
2040.0	0.1613
2062.0	0.1613
2084.0	0.1613
2106.0	0.1613
2128.0	0.1564
2150.0	0.1613
2172.0	0.1613
2199.0	0.1613
2221.0	0.1613
2243.0	0.1613
2265.0	0.1613
2287.0	0.1613
2311.0	0.1613
2333.0	0.1564
2355.0	0.1564
2377.0	0.1564
2399.0	0.1564
2421.0	0.1564
2443.0	0.1564
2465.0	0.1613
2487.0	0.1564
2509.0	0.1564
2531.0	0.1564
2553.0	0.1564
2575.0	0.1564
2597.0	0.1564
2619.0	0.1564
2641.0	0.1515
2663.0	0.1515
2685.0	0.1515
2712.0	0.1515
2734.0	0.1515
2756.0	0.1515
2778.0	0.1515
2800.0	0.1564
2823.5	0.1515
2845.0	0.1515
2867.0	0.1515
2889.0	0.1515
2911.0	0.1515
2933.0	0.1515
2955.0	0.1515
2977.0	0.1515
2999.0	0.1515
3021.0	0.1515
3043.0	0.1515
3065.0	0.1515
3086.5	0.1515
3108.0	0.1515
3130.0	0.1515
3152.0	0.1515
3174.0	0.1515
3196.0	0.1515
3221.5	0.1515
3243.0	0.1515
3265.0	0.1515
3287.0	0.1515
3309.0	0.1515
3335.5	0.1515
3356.5	0.1515
3378.0	0.1515
3400.0	0.1515
3422.0	0.1515
3444.0	0.1515
3466.0	0.1515
3488.0	0.1515
3510.0	0.1515
3532.0	0.1515
3554.0	0.1515
3576.0	0.1515
3598.0	0.1515
3620.0	0.1515
3642.0	0.1515
3664.0	0.1515
3686.0	0.1515
3708.0	0.1466
3734.0	0.1515
3756.0	0.1515
3778.0	0.1515
3800.0	0.1515
3822.0	0.1515
3847.5	0.1515
3869.0	0.1466
3891.0	0.1515
3913.0	0.1515
3935.0	0.1515
3957.0	0.1515
3979.0	0.1515
4001.0	0.1466
4023.0	0.1466
4045.0	0.1515
4067.0	0.1515
4089.0	0.1515
4111.0	0.1515
4133.0	0.1515
4155.0	0.1466
4177.0	0.1466
4199.0	0.1515
4221.0	0.1466
4247.0	0.1466
4269.0	0.1466
4291.0	0.1515
4313.0	0.1466
4335.0	0.1515
4359.5	0.1515
4381.0	0.1466
4403.0	0.1466
4425.0	0.1466
4447.0	0.1466
4469.0	0.1466
4490.5	0.1515
4512.0	0.1466
4534.0	0.1466
4556.0	0.1466
4578.0	0.1466
4600.0	0.1466
4622.0	0.1466
4644.0	0.1466
4666.0	0.1466
4688.0	0.1466
4710.0	0.1466
4732.0	0.1466
4759.0	0.1466
4781.0	0.1466
4803.0	0.1466
4825.0	0.1466
4847.0	0.1466
4871.0	0.1466
4893.0	0.1466
4915.0	0.1466
4937.0	0.1466
4959.0	0.1466
4981.0	0.1466
5003.0	0.1466
5025.0	0.1466
5047.0	0.1466
5069.0	0.1466
5091.0	0.1466
5113.0	0.1466
5135.0	0.1466
5157.0	0.1466
5179.0	0.1466
5201.0	0.1466
5223.0	0.1466
5245.0	0.1466
5272.0	0.1466
5294.0	0.1466
5316.0	0.1466
5338.0	0.1466
5360.0	0.1466
5383.5	0.1466
5405.0	0.1466
5427.0	0.1466
5449.0	0.1466
5471.0	0.1466
5493.0	0.1466
5515.0	0.1466
5537.0	0.1466
5559.0	0.1466
5581.0	0.1466
5603.0	0.1466
5625.0	0.1466
5646.5	0.1466
5668.0	0.1515
5690.0	0.1466
5712.0	0.1466
5734.0	0.1466
5756.0	0.1466
5781.5	0.1466
5803.0	0.1466
5825.0	0.1466
5847.0	0.1515
5869.0	0.1466
5895.5	0.1466
5916.5	0.1466
5938.0	0.1466
5960.0	0.1466
5982.0	0.1466
6004.0	0.1466
6026.0	0.1466
6048.0	0.1466
6070.0	0.1466
6092.0	0.1466
6114.0	0.1466
6136.0	0.1466
6158.0	0.1466
6180.0	0.1466
6202.0	0.1466
6224.0	0.1515
6246.0	0.1466
6268.0	0.1466
6294.0	0.1466
6316.0	0.1466
6338.0	0.1466
6360.0	0.1515
6382.0	0.1466
6407.5	0.1515
6429.0	0.1466
6451.0	0.1466
6473.0	0.1466
6495.0	0.1466
6517.0	0.1466
6539.0	0.1466
6561.0	0.1515
6583.0	0.1466
6605.0	0.1466
6627.0	0.1466
6649.0	0.1515
6671.0	0.1515
6693.0	0.1515
6715.0	0.1515
6737.0	0.1466
6759.0	0.1515
6781.0	0.1515
6807.0	0.1515
6829.0	0.1515
6851.0	0.1515
6873.0	0.1515
6895.0	0.1515
6919.5	0.1515
6941.0	0.1515
6963.0	0.1515
6985.0	0.1515
7007.0	0.1515
7029.0	0.1515
7050.5	0.1515
7072.0	0.1515
7094.0	0.1515
7116.0	0.1515
7138.0	0.1515
7160.0	0.1515
7182.0	0.1515
7204.0	0.1515
7226.0	0.1515
7248.0	0.1515
7270.0	0.1515
7292.0	0.1515
7319.0	0.1515
7341.0	0.1515
7363.0	0.1515
7385.0	0.1515
7407.0	0.1515
7431.0	0.1515
7453.0	0.1515
7475.0	0.1515
7497.0	0.1515
7519.0	0.1515
7541.0	0.1515
7563.0	0.1515
7585.0	0.1515
7607.0	0.1515
7629.0	0.1515
7651.0	0.1515
7673.0	0.1515
7695.0	0.1515
7717.0	0.1515
7739.0	0.1515
7761.0	0.1515
7783.0	0.1515
7805.0	0.1515
7832.0	0.1515
7854.0	0.1515
7876.0	0.1515
7898.0	0.1515
7920.0	0.1515
7943.5	0.1515
7965.0	0.1515
7987.0	0.1515
8009.0	0.1515
8031.0	0.1515
8053.0	0.1515
8075.0	0.1515
8097.0	0.1515
8119.0	0.1515
8141.0	0.1515
8163.0	0.1515
8185.0	0.1515
8206.5	0.1515
8228.0	0.1515
8250.0	0.1515
8272.0	0.1515
8294.0	0.1515
8316.0	0.1515
8341.5	0.1564
8363.0	0.1515
8385.0	0.1564
8407.0	0.1515
8429.0	0.1515
8455.5	0.1515
8476.5	0.1564
8498.0	0.1564
8520.0	0.1564
8542.0	0.1564
8564.0	0.1564
8586.0	0.1515
8608.0	0.1564
8630.0	0.1564
8652.0	0.1564
8674.0	0.1613
8696.0	0.1613
8718.0	0.1613
8740.0	0.1613
8762.0	0.1613
8784.0	0.1613
8806.0	0.1613
8828.0	0.1613
8854.0	0.1613
8876.0	0.1613
8898.0	0.1613
8920.0	0.1613
8942.0	0.1613
8967.5	0.1613
8989.0	0.1613
9011.0	0.1613
9033.0	0.1613
9055.0	0.1613
9077.0	0.1613
9099.0	0.1613
9121.0	0.1613
9143.0	0.1613
9165.0	0.1613
9187.0	0.1613
9209.0	0.1613
9231.0	0.1613
9253.0	0.1613
9275.0	0.1613
9297.0	0.1613
9319.0	0.1613
9341.0	0.1613
9367.0	0.1662
9389.0	0.1662
9411.0	0.1662
9433.0	0.1662
9455.0	0.1662
9479.5	0.1662
9501.0	0.1662
9523.0	0.1662
9545.0	0.1662
9567.0	0.1662
9589.0	0.1662
9610.5	0.1711
9632.0	0.1662
9654.0	0.1662
9676.0	0.1711
9698.0	0.1711
9720.0	0.1711
9742.0	0.1711
9764.0	0.1711
9786.0	0.1662
9808.0	0.1711
9830.0	0.1711
9852.0	0.1711
9879.0	0.1711
9901.0	0.1711
9923.0	0.1711
9945.0	0.1711
9967.0	0.1711
9991.0	0.1711
10013.0	0.1711
10035.0	0.1711
10057.0	0.1711
10079.0	0.1711
10101.0	0.1711
10123.0	0.1711
10145.0	0.1711
10167.0	0.1711
10189.0	0.1711
10211.0	0.1711
10233.0	0.1711
10255.0	0.1711
10277.0	0.1711
10299.0	0.1711
10321.0	0.1711
10343.0	0.1711
10365.0	0.1711
10392.0	0.1711
10414.0	0.1760
10436.0	0.1760
10458.0	0.1711
10480.0	0.1711
10503.5	0.1760
10525.0	0.1760
10547.0	0.1760
10569.0	0.1760
10591.0	0.1760
10613.0	0.1711
10635.0	0.1760
10657.0	0.1760
10679.0	0.1760
10701.0	0.1760
10723.0	0.1760
10745.0	0.1760
10766.5	0.1760
10788.0	0.1760
10810.0	0.1760
10832.0	0.1760
10854.0	0.1760
10876.0	0.1760
10901.5	0.1760
10923.0	0.1808
10945.0	0.1760
10967.0	0.1760
10989.0	0.1808
11015.5	0.1808
11036.5	0.1808
11058.0	0.1857
11080.0	0.1808
11102.0	0.1808
11124.0	0.1760
