79.0	2.1114
101.0	2.1114
123.0	2.1114
150.0	2.1114
172.0	2.1114
194.0	2.1114
216.0	2.1114
238.0	2.1114
263.5	2.1114
285.0	2.1114
307.0	2.1114
329.0	2.1114
351.0	2.1114
373.0	2.1114
395.0	2.1114
417.0	2.1114
439.0	2.1114
461.0	2.1114
483.0	2.1114
505.0	2.1114
526.5	2.1114
548.0	2.1114
570.0	2.1114
592.0	2.1114
614.0	2.1114
636.0	2.1114
661.5	2.1114
683.0	2.1114
705.0	2.1114
727.0	2.1114
749.0	2.1114
775.5	2.1114
796.5	2.1114
818.0	2.1114
840.0	2.1114
862.0	2.1114
884.0	2.1114
906.0	2.1114
928.0	2.1114
950.0	2.1114
972.0	2.1114
994.0	2.1114
1016.0	2.1114
1038.0	2.1114
1060.0	2.1114
1082.0	2.1114
1104.0	2.1114
1126.0	2.1114
1148.0	2.1114
1174.0	2.1114
1196.0	2.1114
1218.0	2.1114
1240.0	2.1114
1262.0	2.1114
1287.5	2.1114
1309.0	2.1114
1331.0	2.1114
1353.0	2.1114
1375.0	2.1114
1397.0	2.1114
1419.0	2.1114
1441.0	2.1114
1463.0	2.1114
1485.0	2.1114
1507.0	2.1114
1529.0	2.1114
1551.0	2.1114
1573.0	2.1114
1595.0	2.1114
1617.0	2.1114
1639.0	2.1114
1661.0	2.1114
1687.0	2.1114
1709.0	2.1114
1731.0	2.1114
1753.0	2.1114
1775.0	2.1114
1799.5	2.1114
1821.0	2.1114
1843.0	2.1114
1865.0	2.1114
1887.0	2.1114
1909.0	2.1114
1930.5	2.1114
1952.0	2.1114
1974.0	2.1114
1996.0	2.1114
2018.0	2.1114
2040.0	2.1114
2062.0	2.1114
2084.0	2.1114
2106.0	2.1114
2128.0	2.1114
2150.0	2.1114
2172.0	2.1114
2199.0	2.1114
2221.0	2.1114
2243.0	2.1114
2265.0	2.1114
2287.0	2.1114
2311.0	2.1114
2333.0	2.1114
2355.0	2.1114
2377.0	2.1114
2399.0	2.1114
2421.0	2.1114
2443.0	2.1114
2465.0	2.1114
2487.0	2.1163
2509.0	2.1114
2531.0	2.1114
2553.0	2.1114
2575.0	2.1114
2597.0	2.1114
2619.0	2.1114
2641.0	2.1163
2663.0	2.1114
2685.0	2.1114
2712.0	2.1114
2734.0	2.1114
2756.0	2.1114
2778.0	2.1114
2800.0	2.1114
2823.5	2.1163
2845.0	2.1114
2867.0	2.1114
2889.0	2.1114
2911.0	2.1114
2933.0	2.1114
2955.0	2.1114
2977.0	2.1114
2999.0	2.1114
3021.0	2.1114
3043.0	2.1114
3065.0	2.1114
3086.5	2.1114
3108.0	2.1114
3130.0	2.1114
3152.0	2.1163
3174.0	2.1114
3196.0	2.1114
3221.5	2.1114
3243.0	2.1114
3265.0	2.1114
3287.0	2.1114
3309.0	2.1163
3335.5	2.1114
3356.5	2.1114
3378.0	2.1114
3400.0	2.1114
3422.0	2.1114
3444.0	2.1114
3466.0	2.1114
3488.0	2.1163
3510.0	2.1114
3532.0	2.1114
3554.0	2.1114
3576.0	2.1114
3598.0	2.1114
3620.0	2.1114
3642.0	2.1163
3664.0	2.1114
3686.0	2.1114
3708.0	2.1114
3734.0	2.1114
3756.0	2.1114
3778.0	2.1114
3800.0	2.1114
3822.0	2.1163
3847.5	2.1163
3869.0	2.1114
3891.0	2.1114
3913.0	2.1114
3935.0	2.1114
3957.0	2.1114
3979.0	2.1114
4001.0	2.1114
4023.0	2.1114
4045.0	2.1114
4067.0	2.1114
4089.0	2.1114
4111.0	2.1114
4133.0	2.1114
4155.0	2.1114
4177.0	2.1163
4199.0	2.1114
4221.0	2.1114
4247.0	2.1114
4269.0	2.1114
4291.0	2.1114
4313.0	2.1114
4335.0	2.1114
4359.5	2.1163
4381.0	2.1114
4403.0	2.1114
4425.0	2.1114
4447.0	2.1114
4469.0	2.1114
4490.5	2.1114
4512.0	2.1163
4534.0	2.1114
4556.0	2.1114
4578.0	2.1114
4600.0	2.1114
4622.0	2.1114
4644.0	2.1114
4666.0	2.1163
4688.0	2.1114
4710.0	2.1114
4732.0	2.1114
4759.0	2.1114
4781.0	2.1114
4803.0	2.1114
4825.0	2.1114
4847.0	2.1163
4871.0	2.1114
4893.0	2.1114
4915.0	2.1114
4937.0	2.1114
4959.0	2.1114
4981.0	2.1114
5003.0	2.1114
5025.0	2.1114
5047.0	2.1163
5069.0	2.1114
5091.0	2.1114
5113.0	2.1114
5135.0	2.1114
5157.0	2.1114
5179.0	2.1114
5201.0	2.1163
5223.0	2.1114
5245.0	2.1114
5272.0	2.1114
5294.0	2.1114
5316.0	2.1114
5338.0	2.1114
5360.0	2.1114
5383.5	2.1163
5405.0	2.1114
5427.0	2.1114
5449.0	2.1114
5471.0	2.1114
5493.0	2.1114
5515.0	2.1114
5537.0	2.1114
5559.0	2.1163
5581.0	2.1114
5603.0	2.1114
5625.0	2.1114
5646.5	2.1114
5668.0	2.1114
5690.0	2.1163
5712.0	2.1114
5734.0	2.1114
5756.0	2.1114
5781.5	2.1114
5803.0	2.1114
5825.0	2.1114
5847.0	2.1163
5869.0	2.1114
5895.5	2.1114
5916.5	2.1114
5938.0	2.1114
5960.0	2.1114
5982.0	2.1114
6004.0	2.1114
6026.0	2.1114
6048.0	2.1163
6070.0	2.1114
6092.0	2.1114
6114.0	2.1114
6136.0	2.1114
6158.0	2.1114
6180.0	2.1114
6202.0	2.1163
6224.0	2.1114
6246.0	2.1114
6268.0	2.1114
6294.0	2.1114
6316.0	2.1114
6338.0	2.1114
6360.0	2.1114
6382.0	2.1163
6407.5	2.1163
6429.0	2.1114
6451.0	2.1114
6473.0	2.1114
6495.0	2.1114
6517.0	2.1114
6539.0	2.1163
6561.0	2.1163
6583.0	2.1114
6605.0	2.1114
6627.0	2.1114
6649.0	2.1114
6671.0	2.1114
6693.0	2.1114
6715.0	2.1114
6737.0	2.1114
6759.0	2.1114
6781.0	2.1114
6807.0	2.1114
6829.0	2.1114
6851.0	2.1114
6873.0	2.1163
6895.0	2.1114
6919.5	2.1163
6941.0	2.1114
6963.0	2.1114
6985.0	2.1114
7007.0	2.1114
7029.0	2.1114
7050.5	2.1114
7072.0	2.1163
7094.0	2.1114
7116.0	2.1114
7138.0	2.1114
7160.0	2.1114
7182.0	2.1114
7204.0	2.1163
7226.0	2.1163
7248.0	2.1114
7270.0	2.1114
7292.0	2.1114
7319.0	2.1114
7341.0	2.1114
7363.0	2.1114
7385.0	2.1163
7407.0	2.1163
7431.0	2.1163
7453.0	2.1114
7475.0	2.1114
7497.0	2.1114
7519.0	2.1114
7541.0	2.1114
7563.0	2.1163
7585.0	2.1114
7607.0	2.1114
7629.0	2.1114
7651.0	2.1114
7673.0	2.1114
7695.0	2.1114
7717.0	2.1163
7739.0	2.1114
7761.0	2.1114
7783.0	2.1114
7805.0	2.1114
7832.0	2.1114
7854.0	2.1114
7876.0	2.1114
7898.0	2.1114
7920.0	2.1114
7943.5	2.1114
7965.0	2.1114
7987.0	2.1114
8009.0	2.1114
8031.0	2.1114
8053.0	2.1114
8075.0	2.1114
8097.0	2.1163
8119.0	2.1114
8141.0	2.1114
8163.0	2.1114
8185.0	2.1114
8206.5	2.1114
8228.0	2.1163
8250.0	2.1114
8272.0	2.1114
8294.0	2.1114
8316.0	2.1114
8341.5	2.1114
8363.0	2.1114
8385.0	2.1114
8407.0	2.1114
8429.0	2.1114
8455.5	2.1114
8476.5	2.1114
8498.0	2.1114
8520.0	2.1114
8542.0	2.1114
8564.0	2.1114
8586.0	2.1163
8608.0	2.1114
8630.0	2.1114
8652.0	2.1114
8674.0	2.1114
8696.0	2.1114
8718.0	2.1163
8740.0	2.1114
8762.0	2.1114
8784.0	2.1114
8806.0	2.1114
8828.0	2.1114
8854.0	2.1114
8876.0	2.1114
8898.0	2.1114
8920.0	2.1114
8942.0	2.1114
8967.5	2.1163
8989.0	2.1114
9011.0	2.1114
9033.0	2.1114
9055.0	2.1114
9077.0	2.1114
9099.0	2.1163
9121.0	2.1114
9143.0	2.1114
9165.0	2.1114
9187.0	2.1114
9209.0	2.1114
9231.0	2.1114
9253.0	2.1163
9275.0	2.1114
9297.0	2.1114
9319.0	2.1114
9341.0	2.1114
9367.0	2.1114
9389.0	2.1114
9411.0	2.1114
9433.0	2.1163
9455.0	2.1114
9479.5	2.1114
9501.0	2.1114
9523.0	2.1114
9545.0	2.1114
9567.0	2.1114
9589.0	2.1114
9610.5	2.1163
9632.0	2.1114
9654.0	2.1114
9676.0	2.1114
9698.0	2.1114
9720.0	2.1114
9742.0	2.1163
9764.0	2.1114
9786.0	2.1114
9808.0	2.1114
9830.0	2.1114
9852.0	2.1114
9879.0	2.1114
9901.0	2.1114
9923.0	2.1114
9945.0	2.1114
9967.0	2.1114
9991.0	2.1114
10013.0	2.1114
10035.0	2.1114
10057.0	2.1114
10079.0	2.1114
10101.0	2.1114
10123.0	2.1163
10145.0	2.1114
10167.0	2.1114
10189.0	2.1114
10211.0	2.1114
10233.0	2.1114
10255.0	2.1114
10277.0	2.1163
10299.0	2.1114
10321.0	2.1114
10343.0	2.1114
10365.0	2.1114
10392.0	2.1114
10414.0	2.1114
10436.0	2.1114
10458.0	2.1163
10480.0	2.1114
10503.5	2.1114
10525.0	2.1114
10547.0	2.1114
10569.0	2.1114
10591.0	2.1114
10613.0	2.1163
10635.0	2.1114
10657.0	2.1114
10679.0	2.1114
10701.0	2.1114
10723.0	2.1114
10745.0	2.1114
10766.5	2.1163
10788.0	2.1114
10810.0	2.1114
10832.0	2.1114
10854.0	2.1114
10876.0	2.1114
10901.5	2.1114
10923.0	2.1114
10945.0	2.1114
10967.0	2.1163
10989.0	2.1114
11015.5	2.1114
11036.5	2.1114
11058.0	2.1114
11080.0	2.1114
11102.0	2.1114
11124.0	2.1114
